0;1;8
0;2;6
0;3;9
0;4;8
0;5;7
0;6;4
0;7;9
0;8;9
0;9;8
0;10;4
0;11;3
0;12;6
0;13;4
0;14;6
0;15;9
0;16;3
0;17;3
0;18;9
0;19;8
0;20;7
0;21;7
0;22;7
0;23;3
0;24;8
0;25;4
0;26;5
0;27;5
0;28;6
0;29;2
0;30;6
0;31;9
0;32;10
0;33;8
0;34;3
0;35;6
0;36;3
0;37;4
0;38;3
0;39;8
0;40;10
0;41;2
0;42;9
0;43;7
0;44;8
0;45;8
0;46;1
0;47;2
0;48;9
0;49;10
0;50;6
0;51;4
0;52;10
0;53;10
0;54;7
0;55;3
0;56;10
0;57;2
0;58;2
0;59;5
0;60;8
0;61;3
0;62;2
0;63;10
0;64;3
0;65;6
0;66;7
0;67;7
0;68;8
0;69;10
0;70;7
0;71;2
0;72;8
0;73;8
0;74;4
0;75;1
0;76;10
0;77;1
0;78;8
0;79;6
0;80;2
0;81;9
0;82;3
0;83;8
0;84;7
0;85;6
0;86;10
0;87;1
0;88;3
0;89;7
0;90;7
0;91;9
0;92;1
0;93;3
0;94;5
0;95;8
0;96;1
0;97;8
0;98;7
0;99;7
1;0;1
1;2;8
1;3;2
1;4;9
1;5;2
1;6;1
1;7;4
1;8;8
1;9;1
1;10;5
1;11;9
1;12;5
1;13;4
1;14;6
1;15;7
1;16;5
1;17;5
1;18;2
1;19;6
1;20;1
1;21;9
1;22;7
1;23;1
1;24;1
1;25;7
1;26;1
1;27;8
1;28;8
1;29;8
1;30;4
1;31;5
1;32;5
1;33;4
1;34;7
1;35;8
1;36;7
1;37;9
1;38;2
1;39;10
1;40;5
1;41;6
1;42;5
1;43;10
1;44;7
1;45;5
1;46;3
1;47;9
1;48;3
1;49;5
1;50;2
1;51;6
1;52;1
1;53;3
1;54;8
1;55;4
1;56;2
1;57;9
1;58;5
1;59;8
1;60;9
1;61;10
1;62;5
1;63;1
1;64;2
1;65;8
1;66;8
1;67;3
1;68;1
1;69;3
1;70;10
1;71;2
1;72;5
1;73;7
1;74;9
1;75;1
1;76;1
1;77;9
1;78;10
1;79;4
1;80;6
1;81;7
1;82;6
1;83;6
1;84;5
1;85;5
1;86;3
1;87;4
1;88;7
1;89;10
1;90;9
1;91;6
1;92;4
1;93;7
1;94;8
1;95;7
1;96;3
1;97;10
1;98;5
1;99;7
2;0;4
2;1;4
2;3;1
2;4;8
2;5;3
2;6;6
2;7;1
2;8;10
2;9;8
2;10;9
2;11;8
2;12;9
2;13;3
2;14;3
2;15;5
2;16;9
2;17;3
2;18;7
2;19;4
2;20;2
2;21;2
2;22;7
2;23;8
2;24;9
2;25;6
2;26;3
2;27;6
2;28;8
2;29;4
2;30;8
2;31;10
2;32;10
2;33;9
2;34;7
2;35;3
2;36;10
2;37;4
2;38;1
2;39;6
2;40;10
2;41;7
2;42;7
2;43;8
2;44;4
2;45;5
2;46;2
2;47;9
2;48;7
2;49;1
2;50;4
2;51;2
2;52;2
2;53;1
2;54;9
2;55;2
2;56;2
2;57;4
2;58;4
2;59;5
2;60;3
2;61;1
2;62;6
2;63;8
2;64;10
2;65;7
2;66;3
2;67;6
2;68;7
2;69;5
2;70;7
2;71;7
2;72;8
2;73;7
2;74;1
2;75;10
2;76;3
2;77;9
2;78;3
2;79;9
2;80;6
2;81;5
2;82;9
2;83;4
2;84;9
2;85;2
2;86;8
2;87;4
2;88;9
2;89;7
2;90;4
2;91;4
2;92;10
2;93;3
2;94;10
2;95;4
2;96;2
2;97;6
2;98;1
2;99;6
3;0;9
3;1;7
3;2;6
3;4;4
3;5;3
3;6;5
3;7;10
3;8;5
3;9;4
3;10;3
3;11;3
3;12;1
3;13;5
3;14;7
3;15;7
3;16;5
3;17;1
3;18;4
3;19;2
3;20;3
3;21;8
3;22;3
3;23;9
3;24;9
3;25;7
3;26;8
3;27;9
3;28;5
3;29;7
3;30;10
3;31;6
3;32;9
3;33;7
3;34;4
3;35;2
3;36;6
3;37;7
3;38;9
3;39;7
3;40;10
3;41;7
3;42;4
3;43;8
3;44;10
3;45;4
3;46;9
3;47;4
3;48;6
3;49;3
3;50;2
3;51;9
3;52;5
3;53;4
3;54;3
3;55;1
3;56;7
3;57;2
3;58;4
3;59;2
3;60;5
3;61;3
3;62;5
3;63;3
3;64;10
3;65;2
3;66;1
3;67;9
3;68;7
3;69;10
3;70;6
3;71;7
3;72;9
3;73;6
3;74;9
3;75;9
3;76;4
3;77;9
3;78;2
3;79;8
3;80;8
3;81;6
3;82;1
3;83;6
3;84;10
3;85;1
3;86;7
3;87;1
3;88;7
3;89;3
3;90;7
3;91;1
3;92;5
3;93;9
3;94;1
3;95;2
3;96;9
3;97;7
3;98;5
3;99;1
4;0;9
4;1;1
4;2;10
4;3;6
4;5;1
4;6;2
4;7;1
4;8;8
4;9;2
4;10;4
4;11;5
4;12;10
4;13;6
4;14;6
4;15;1
4;16;4
4;17;9
4;18;8
4;19;9
4;20;4
4;21;10
4;22;6
4;23;9
4;24;7
4;25;10
4;26;3
4;27;2
4;28;10
4;29;2
4;30;7
4;31;1
4;32;3
4;33;7
4;34;9
4;35;4
4;36;7
4;37;10
4;38;7
4;39;7
4;40;8
4;41;8
4;42;5
4;43;6
4;44;7
4;45;1
4;46;1
4;47;6
4;48;2
4;49;4
4;50;2
4;51;4
4;52;1
4;53;3
4;54;3
4;55;3
4;56;1
4;57;4
4;58;10
4;59;10
4;60;7
4;61;3
4;62;5
4;63;9
4;64;4
4;65;7
4;66;10
4;67;8
4;68;7
4;69;8
4;70;4
4;71;1
4;72;3
4;73;9
4;74;4
4;75;1
4;76;2
4;77;9
4;78;3
4;79;3
4;80;1
4;81;7
4;82;3
4;83;2
4;84;6
4;85;10
4;86;2
4;87;3
4;88;5
4;89;9
4;90;3
4;91;2
4;92;4
4;93;1
4;94;8
4;95;6
4;96;5
4;97;10
4;98;7
4;99;1
5;0;2
5;1;3
5;2;2
5;3;9
5;4;10
5;6;10
5;7;8
5;8;1
5;9;2
5;10;9
5;11;7
5;12;9
5;13;9
5;14;2
5;15;10
5;16;10
5;17;2
5;18;8
5;19;3
5;20;2
5;21;6
5;22;7
5;23;3
5;24;9
5;25;9
5;26;3
5;27;5
5;28;9
5;29;2
5;30;10
5;31;2
5;32;6
5;33;7
5;34;9
5;35;4
5;36;10
5;37;5
5;38;8
5;39;6
5;40;3
5;41;5
5;42;2
5;43;9
5;44;5
5;45;2
5;46;5
5;47;7
5;48;8
5;49;6
5;50;1
5;51;1
5;52;3
5;53;9
5;54;6
5;55;6
5;56;3
5;57;7
5;58;4
5;59;8
5;60;1
5;61;5
5;62;4
5;63;6
5;64;4
5;65;2
5;66;5
5;67;8
5;68;10
5;69;8
5;70;4
5;71;8
5;72;9
5;73;4
5;74;3
5;75;2
5;76;1
5;77;10
5;78;7
5;79;10
5;80;10
5;81;7
5;82;6
5;83;4
5;84;2
5;85;2
5;86;7
5;87;4
5;88;5
5;89;9
5;90;9
5;91;4
5;92;6
5;93;6
5;94;3
5;95;5
5;96;5
5;97;10
5;98;5
5;99;6
6;0;3
6;1;4
6;2;10
6;3;6
6;4;4
6;5;5
6;7;4
6;8;3
6;9;7
6;10;4
6;11;2
6;12;5
6;13;10
6;14;7
6;15;7
6;16;3
6;17;4
6;18;10
6;19;5
6;20;9
6;21;1
6;22;3
6;23;6
6;24;6
6;25;3
6;26;3
6;27;10
6;28;4
6;29;3
6;30;5
6;31;7
6;32;9
6;33;5
6;34;6
6;35;8
6;36;10
6;37;10
6;38;6
6;39;10
6;40;10
6;41;6
6;42;10
6;43;3
6;44;6
6;45;8
6;46;5
6;47;2
6;48;7
6;49;5
6;50;9
6;51;8
6;52;2
6;53;2
6;54;6
6;55;1
6;56;5
6;57;1
6;58;3
6;59;7
6;60;1
6;61;10
6;62;1
6;63;1
6;64;1
6;65;1
6;66;9
6;67;8
6;68;6
6;69;8
6;70;2
6;71;10
6;72;8
6;73;10
6;74;6
6;75;8
6;76;4
6;77;6
6;78;2
6;79;3
6;80;4
6;81;4
6;82;2
6;83;4
6;84;4
6;85;2
6;86;3
6;87;1
6;88;3
6;89;10
6;90;2
6;91;10
6;92;8
6;93;2
6;94;4
6;95;4
6;96;10
6;97;10
6;98;9
6;99;2
7;0;6
7;1;10
7;2;8
7;3;8
7;4;4
7;5;3
7;6;8
7;8;3
7;9;9
7;10;7
7;11;2
7;12;10
7;13;8
7;14;4
7;15;2
7;16;3
7;17;1
7;18;7
7;19;3
7;20;1
7;21;3
7;22;6
7;23;8
7;24;7
7;25;6
7;26;10
7;27;5
7;28;9
7;29;1
7;30;3
7;31;10
7;32;3
7;33;8
7;34;1
7;35;4
7;36;10
7;37;7
7;38;9
7;39;5
7;40;2
7;41;10
7;42;10
7;43;5
7;44;1
7;45;4
7;46;10
7;47;1
7;48;5
7;49;4
7;50;9
7;51;9
7;52;8
7;53;5
7;54;9
7;55;4
7;56;10
7;57;3
7;58;2
7;59;10
7;60;3
7;61;8
7;62;8
7;63;8
7;64;5
7;65;1
7;66;1
7;67;3
7;68;4
7;69;5
7;70;9
7;71;5
7;72;5
7;73;10
7;74;8
7;75;9
7;76;2
7;77;7
7;78;3
7;79;4
7;80;7
7;81;4
7;82;7
7;83;6
7;84;6
7;85;5
7;86;10
7;87;3
7;88;10
7;89;2
7;90;10
7;91;10
7;92;8
7;93;5
7;94;1
7;95;3
7;96;6
7;97;6
7;98;3
7;99;3
8;0;3
8;1;3
8;2;10
8;3;8
8;4;10
8;5;8
8;6;10
8;7;4
8;9;6
8;10;3
8;11;10
8;12;8
8;13;10
8;14;9
8;15;6
8;16;5
8;17;4
8;18;4
8;19;5
8;20;6
8;21;3
8;22;4
8;23;6
8;24;3
8;25;9
8;26;9
8;27;1
8;28;5
8;29;3
8;30;5
8;31;9
8;32;8
8;33;9
8;34;9
8;35;6
8;36;8
8;37;10
8;38;3
8;39;4
8;40;6
8;41;4
8;42;4
8;43;6
8;44;6
8;45;5
8;46;5
8;47;3
8;48;9
8;49;8
8;50;6
8;51;10
8;52;3
8;53;8
8;54;4
8;55;4
8;56;5
8;57;8
8;58;2
8;59;8
8;60;10
8;61;1
8;62;9
8;63;3
8;64;7
8;65;3
8;66;6
8;67;7
8;68;4
8;69;7
8;70;7
8;71;9
8;72;8
8;73;9
8;74;3
8;75;10
8;76;2
8;77;1
8;78;6
8;79;8
8;80;4
8;81;6
8;82;5
8;83;9
8;84;8
8;85;7
8;86;7
8;87;7
8;88;5
8;89;8
8;90;5
8;91;2
8;92;9
8;93;9
8;94;6
8;95;8
8;96;9
8;97;1
8;98;5
8;99;3
9;0;9
9;1;10
9;2;7
9;3;3
9;4;3
9;5;3
9;6;9
9;7;7
9;8;9
9;10;2
9;11;5
9;12;6
9;13;3
9;14;8
9;15;9
9;16;3
9;17;10
9;18;6
9;19;7
9;20;2
9;21;10
9;22;1
9;23;9
9;24;6
9;25;6
9;26;4
9;27;8
9;28;6
9;29;6
9;30;1
9;31;5
9;32;5
9;33;6
9;34;4
9;35;8
9;36;5
9;37;10
9;38;6
9;39;4
9;40;8
9;41;7
9;42;1
9;43;9
9;44;6
9;45;1
9;46;5
9;47;10
9;48;10
9;49;9
9;50;1
9;51;10
9;52;6
9;53;2
9;54;1
9;55;3
9;56;7
9;57;9
9;58;7
9;59;7
9;60;8
9;61;10
9;62;3
9;63;10
9;64;8
9;65;10
9;66;9
9;67;5
9;68;10
9;69;6
9;70;4
9;71;1
9;72;9
9;73;1
9;74;10
9;75;9
9;76;6
9;77;8
9;78;2
9;79;5
9;80;9
9;81;1
9;82;2
9;83;5
9;84;4
9;85;6
9;86;10
9;87;10
9;88;6
9;89;7
9;90;10
9;91;2
9;92;7
9;93;5
9;94;9
9;95;3
9;96;2
9;97;10
9;98;9
9;99;1
10;0;7
10;1;10
10;2;3
10;3;10
10;4;1
10;5;3
10;6;4
10;7;9
10;8;6
10;9;2
10;11;4
10;12;4
10;13;8
10;14;4
10;15;8
10;16;7
10;17;1
10;18;5
10;19;7
10;20;3
10;21;9
10;22;3
10;23;1
10;24;5
10;25;5
10;26;1
10;27;4
10;28;9
10;29;10
10;30;9
10;31;8
10;32;4
10;33;3
10;34;5
10;35;4
10;36;1
10;37;3
10;38;6
10;39;3
10;40;1
10;41;2
10;42;9
10;43;8
10;44;7
10;45;1
10;46;7
10;47;2
10;48;1
10;49;9
10;50;6
10;51;3
10;52;6
10;53;1
10;54;3
10;55;7
10;56;4
10;57;4
10;58;2
10;59;3
10;60;9
10;61;5
10;62;4
10;63;6
10;64;1
10;65;1
10;66;10
10;67;5
10;68;3
10;69;2
10;70;2
10;71;7
10;72;7
10;73;1
10;74;5
10;75;7
10;76;6
10;77;2
10;78;8
10;79;6
10;80;6
10;81;5
10;82;1
10;83;6
10;84;6
10;85;7
10;86;6
10;87;4
10;88;8
10;89;1
10;90;7
10;91;9
10;92;2
10;93;6
10;94;2
10;95;9
10;96;8
10;97;5
10;98;4
10;99;1
11;0;8
11;1;8
11;2;5
11;3;4
11;4;7
11;5;5
11;6;5
11;7;9
11;8;8
11;9;4
11;10;6
11;12;7
11;13;7
11;14;4
11;15;3
11;16;3
11;17;5
11;18;5
11;19;5
11;20;2
11;21;4
11;22;6
11;23;4
11;24;5
11;25;2
11;26;9
11;27;4
11;28;4
11;29;7
11;30;3
11;31;7
11;32;1
11;33;2
11;34;2
11;35;4
11;36;9
11;37;1
11;38;8
11;39;1
11;40;6
11;41;4
11;42;1
11;43;2
11;44;10
11;45;5
11;46;1
11;47;3
11;48;3
11;49;7
11;50;10
11;51;1
11;52;9
11;53;5
11;54;9
11;55;2
11;56;9
11;57;2
11;58;3
11;59;6
11;60;5
11;61;8
11;62;4
11;63;6
11;64;6
11;65;4
11;66;5
11;67;6
11;68;7
11;69;3
11;70;8
11;71;2
11;72;1
11;73;8
11;74;8
11;75;9
11;76;7
11;77;9
11;78;10
11;79;1
11;80;9
11;81;1
11;82;8
11;83;7
11;84;9
11;85;2
11;86;6
11;87;4
11;88;8
11;89;1
11;90;6
11;91;8
11;92;7
11;93;7
11;94;3
11;95;2
11;96;2
11;97;7
11;98;1
11;99;6
12;0;4
12;1;7
12;2;2
12;3;7
12;4;2
12;5;7
12;6;8
12;7;6
12;8;2
12;9;4
12;10;10
12;11;8
12;13;1
12;14;2
12;15;9
12;16;2
12;17;8
12;18;5
12;19;9
12;20;1
12;21;9
12;22;2
12;23;2
12;24;5
12;25;8
12;26;1
12;27;5
12;28;9
12;29;6
12;30;7
12;31;9
12;32;2
12;33;8
12;34;8
12;35;8
12;36;8
12;37;4
12;38;6
12;39;7
12;40;2
12;41;8
12;42;4
12;43;7
12;44;9
12;45;4
12;46;10
12;47;5
12;48;1
12;49;8
12;50;9
12;51;5
12;52;4
12;53;9
12;54;9
12;55;9
12;56;1
12;57;6
12;58;2
12;59;9
12;60;6
12;61;7
12;62;8
12;63;7
12;64;6
12;65;8
12;66;10
12;67;4
12;68;4
12;69;2
12;70;8
12;71;3
12;72;2
12;73;4
12;74;2
12;75;5
12;76;8
12;77;3
12;78;5
12;79;4
12;80;4
12;81;5
12;82;5
12;83;6
12;84;5
12;85;1
12;86;3
12;87;3
12;88;3
12;89;9
12;90;2
12;91;5
12;92;5
12;93;5
12;94;10
12;95;10
12;96;3
12;97;6
12;98;7
12;99;8
13;0;2
13;1;4
13;2;5
13;3;10
13;4;4
13;5;5
13;6;3
13;7;6
13;8;9
13;9;10
13;10;5
13;11;1
13;12;8
13;14;8
13;15;3
13;16;8
13;17;9
13;18;2
13;19;10
13;20;1
13;21;1
13;22;3
13;23;7
13;24;5
13;25;2
13;26;4
13;27;7
13;28;5
13;29;5
13;30;3
13;31;10
13;32;5
13;33;4
13;34;2
13;35;8
13;36;1
13;37;2
13;38;6
13;39;2
13;40;4
13;41;7
13;42;1
13;43;5
13;44;1
13;45;10
13;46;8
13;47;7
13;48;9
13;49;9
13;50;8
13;51;7
13;52;8
13;53;2
13;54;7
13;55;2
13;56;8
13;57;10
13;58;6
13;59;5
13;60;5
13;61;3
13;62;8
13;63;7
13;64;4
13;65;8
13;66;7
13;67;10
13;68;5
13;69;7
13;70;5
13;71;4
13;72;10
13;73;3
13;74;10
13;75;5
13;76;5
13;77;10
13;78;2
13;79;10
13;80;7
13;81;9
13;82;5
13;83;6
13;84;10
13;85;2
13;86;4
13;87;9
13;88;10
13;89;10
13;90;1
13;91;7
13;92;4
13;93;7
13;94;5
13;95;2
13;96;7
13;97;3
13;98;10
13;99;1
14;0;2
14;1;8
14;2;9
14;3;10
14;4;10
14;5;9
14;6;6
14;7;5
14;8;2
14;9;8
14;10;1
14;11;7
14;12;2
14;13;1
14;15;1
14;16;4
14;17;5
14;18;1
14;19;8
14;20;3
14;21;2
14;22;9
14;23;7
14;24;10
14;25;8
14;26;5
14;27;8
14;28;9
14;29;6
14;30;2
14;31;3
14;32;2
14;33;8
14;34;2
14;35;6
14;36;6
14;37;6
14;38;6
14;39;8
14;40;1
14;41;2
14;42;8
14;43;10
14;44;10
14;45;9
14;46;2
14;47;7
14;48;10
14;49;10
14;50;3
14;51;6
14;52;4
14;53;3
14;54;4
14;55;6
14;56;9
14;57;2
14;58;10
14;59;4
14;60;7
14;61;3
14;62;5
14;63;6
14;64;7
14;65;6
14;66;3
14;67;10
14;68;1
14;69;10
14;70;5
14;71;9
14;72;6
14;73;1
14;74;3
14;75;9
14;76;8
14;77;1
14;78;1
14;79;7
14;80;4
14;81;1
14;82;4
14;83;5
14;84;5
14;85;9
14;86;10
14;87;7
14;88;8
14;89;3
14;90;5
14;91;3
14;92;3
14;93;7
14;94;3
14;95;6
14;96;6
14;97;4
14;98;6
14;99;4
15;0;3
15;1;4
15;2;10
15;3;1
15;4;8
15;5;1
15;6;8
15;7;5
15;8;9
15;9;8
15;10;3
15;11;1
15;12;1
15;13;10
15;14;6
15;16;9
15;17;6
15;18;4
15;19;3
15;20;8
15;21;4
15;22;4
15;23;4
15;24;5
15;25;1
15;26;7
15;27;9
15;28;5
15;29;2
15;30;7
15;31;9
15;32;9
15;33;10
15;34;3
15;35;2
15;36;6
15;37;1
15;38;8
15;39;8
15;40;9
15;41;8
15;42;3
15;43;3
15;44;6
15;45;4
15;46;7
15;47;1
15;48;10
15;49;1
15;50;6
15;51;3
15;52;9
15;53;3
15;54;8
15;55;9
15;56;10
15;57;3
15;58;5
15;59;4
15;60;5
15;61;7
15;62;1
15;63;8
15;64;9
15;65;3
15;66;2
15;67;9
15;68;1
15;69;7
15;70;6
15;71;8
15;72;5
15;73;3
15;74;10
15;75;1
15;76;5
15;77;8
15;78;6
15;79;7
15;80;5
15;81;4
15;82;10
15;83;9
15;84;8
15;85;2
15;86;3
15;87;1
15;88;2
15;89;8
15;90;1
15;91;8
15;92;9
15;93;2
15;94;9
15;95;3
15;96;4
15;97;2
15;98;1
15;99;5
16;0;6
16;1;4
16;2;7
16;3;5
16;4;9
16;5;10
16;6;6
16;7;5
16;8;1
16;9;1
16;10;9
16;11;6
16;12;1
16;13;6
16;14;9
16;15;2
16;17;7
16;18;2
16;19;9
16;20;1
16;21;4
16;22;7
16;23;10
16;24;4
16;25;1
16;26;5
16;27;9
16;28;2
16;29;8
16;30;2
16;31;8
16;32;4
16;33;10
16;34;8
16;35;5
16;36;8
16;37;4
16;38;9
16;39;6
16;40;7
16;41;10
16;42;7
16;43;2
16;44;9
16;45;8
16;46;9
16;47;6
16;48;2
16;49;9
16;50;6
16;51;3
16;52;5
16;53;8
16;54;2
16;55;8
16;56;4
16;57;9
16;58;7
16;59;10
16;60;1
16;61;10
16;62;5
16;63;3
16;64;4
16;65;9
16;66;6
16;67;6
16;68;7
16;69;5
16;70;10
16;71;8
16;72;3
16;73;5
16;74;7
16;75;7
16;76;5
16;77;1
16;78;4
16;79;9
16;80;6
16;81;10
16;82;9
16;83;4
16;84;1
16;85;7
16;86;6
16;87;5
16;88;3
16;89;8
16;90;7
16;91;1
16;92;3
16;93;1
16;94;7
16;95;7
16;96;7
16;97;6
16;98;2
16;99;5
17;0;4
17;1;5
17;2;7
17;3;9
17;4;10
17;5;10
17;6;4
17;7;8
17;8;4
17;9;6
17;10;9
17;11;6
17;12;10
17;13;4
17;14;5
17;15;8
17;16;9
17;18;10
17;19;2
17;20;5
17;21;8
17;22;10
17;23;10
17;24;10
17;25;7
17;26;8
17;27;10
17;28;3
17;29;6
17;30;4
17;31;4
17;32;1
17;33;4
17;34;10
17;35;10
17;36;10
17;37;5
17;38;9
17;39;6
17;40;9
17;41;6
17;42;10
17;43;1
17;44;7
17;45;1
17;46;8
17;47;5
17;48;2
17;49;10
17;50;8
17;51;9
17;52;8
17;53;8
17;54;7
17;55;7
17;56;1
17;57;3
17;58;10
17;59;5
17;60;10
17;61;10
17;62;4
17;63;9
17;64;9
17;65;6
17;66;1
17;67;6
17;68;9
17;69;5
17;70;3
17;71;1
17;72;4
17;73;5
17;74;9
17;75;2
17;76;7
17;77;9
17;78;10
17;79;7
17;80;9
17;81;7
17;82;10
17;83;1
17;84;9
17;85;4
17;86;9
17;87;6
17;88;3
17;89;6
17;90;1
17;91;3
17;92;1
17;93;1
17;94;2
17;95;3
17;96;3
17;97;5
17;98;4
17;99;1
18;0;2
18;1;7
18;2;2
18;3;4
18;4;4
18;5;6
18;6;8
18;7;6
18;8;4
18;9;3
18;10;8
18;11;1
18;12;5
18;13;6
18;14;1
18;15;3
18;16;4
18;17;4
18;19;3
18;20;2
18;21;7
18;22;3
18;23;9
18;24;8
18;25;6
18;26;1
18;27;7
18;28;5
18;29;9
18;30;10
18;31;9
18;32;1
18;33;2
18;34;10
18;35;2
18;36;3
18;37;10
18;38;6
18;39;3
18;40;4
18;41;6
18;42;3
18;43;8
18;44;3
18;45;10
18;46;6
18;47;7
18;48;4
18;49;3
18;50;6
18;51;6
18;52;6
18;53;5
18;54;6
18;55;6
18;56;7
18;57;8
18;58;3
18;59;9
18;60;2
18;61;1
18;62;9
18;63;7
18;64;9
18;65;7
18;66;7
18;67;5
18;68;10
18;69;5
18;70;8
18;71;8
18;72;3
18;73;6
18;74;2
18;75;3
18;76;7
18;77;6
18;78;4
18;79;1
18;80;4
18;81;8
18;82;2
18;83;4
18;84;5
18;85;9
18;86;1
18;87;9
18;88;5
18;89;9
18;90;3
18;91;2
18;92;6
18;93;5
18;94;2
18;95;1
18;96;5
18;97;8
18;98;6
18;99;8
19;0;2
19;1;5
19;2;4
19;3;5
19;4;8
19;5;5
19;6;7
19;7;10
19;8;6
19;9;3
19;10;3
19;11;3
19;12;4
19;13;3
19;14;3
19;15;2
19;16;8
19;17;10
19;18;8
19;20;9
19;21;2
19;22;8
19;23;2
19;24;1
19;25;5
19;26;5
19;27;7
19;28;5
19;29;8
19;30;3
19;31;9
19;32;10
19;33;2
19;34;9
19;35;5
19;36;8
19;37;5
19;38;5
19;39;6
19;40;6
19;41;2
19;42;8
19;43;10
19;44;3
19;45;1
19;46;3
19;47;3
19;48;7
19;49;2
19;50;8
19;51;6
19;52;4
19;53;4
19;54;7
19;55;8
19;56;3
19;57;5
19;58;9
19;59;5
19;60;5
19;61;10
19;62;8
19;63;8
19;64;10
19;65;2
19;66;7
19;67;6
19;68;7
19;69;1
19;70;2
19;71;1
19;72;8
19;73;7
19;74;3
19;75;9
19;76;9
19;77;3
19;78;2
19;79;1
19;80;3
19;81;10
19;82;2
19;83;3
19;84;7
19;85;7
19;86;4
19;87;5
19;88;5
19;89;10
19;90;3
19;91;4
19;92;8
19;93;9
19;94;2
19;95;1
19;96;5
19;97;6
19;98;8
19;99;8
20;0;5
20;1;3
20;2;1
20;3;4
20;4;1
20;5;4
20;6;2
20;7;7
20;8;6
20;9;9
20;10;8
20;11;4
20;12;3
20;13;10
20;14;4
20;15;5
20;16;2
20;17;10
20;18;9
20;19;9
20;21;7
20;22;3
20;23;10
20;24;9
20;25;8
20;26;8
20;27;1
20;28;8
20;29;7
20;30;7
20;31;7
20;32;9
20;33;3
20;34;3
20;35;1
20;36;9
20;37;7
20;38;8
20;39;4
20;40;5
20;41;9
20;42;7
20;43;6
20;44;6
20;45;5
20;46;3
20;47;7
20;48;3
20;49;1
20;50;10
20;51;10
20;52;3
20;53;3
20;54;3
20;55;9
20;56;8
20;57;4
20;58;8
20;59;1
20;60;4
20;61;7
20;62;2
20;63;6
20;64;3
20;65;3
20;66;10
20;67;2
20;68;9
20;69;3
20;70;1
20;71;4
20;72;10
20;73;5
20;74;7
20;75;4
20;76;4
20;77;7
20;78;6
20;79;10
20;80;1
20;81;10
20;82;5
20;83;5
20;84;6
20;85;10
20;86;3
20;87;7
20;88;2
20;89;4
20;90;10
20;91;2
20;92;1
20;93;1
20;94;2
20;95;6
20;96;6
20;97;7
20;98;8
20;99;7
21;0;3
21;1;3
21;2;10
21;3;10
21;4;4
21;5;3
21;6;3
21;7;1
21;8;1
21;9;3
21;10;5
21;11;8
21;12;5
21;13;3
21;14;9
21;15;10
21;16;8
21;17;7
21;18;5
21;19;10
21;20;2
21;22;7
21;23;7
21;24;1
21;25;2
21;26;4
21;27;2
21;28;9
21;29;9
21;30;3
21;31;2
21;32;9
21;33;7
21;34;9
21;35;4
21;36;6
21;37;4
21;38;4
21;39;1
21;40;1
21;41;10
21;42;10
21;43;7
21;44;2
21;45;2
21;46;4
21;47;7
21;48;6
21;49;10
21;50;8
21;51;8
21;52;3
21;53;7
21;54;2
21;55;4
21;56;3
21;57;8
21;58;7
21;59;3
21;60;1
21;61;3
21;62;10
21;63;8
21;64;5
21;65;3
21;66;2
21;67;9
21;68;2
21;69;2
21;70;6
21;71;8
21;72;1
21;73;2
21;74;1
21;75;6
21;76;1
21;77;4
21;78;8
21;79;8
21;80;10
21;81;6
21;82;2
21;83;6
21;84;3
21;85;10
21;86;5
21;87;8
21;88;4
21;89;3
21;90;7
21;91;6
21;92;7
21;93;7
21;94;4
21;95;9
21;96;8
21;97;5
21;98;3
21;99;7
22;0;1
22;1;5
22;2;5
22;3;9
22;4;4
22;5;5
22;6;2
22;7;9
22;8;3
22;9;5
22;10;3
22;11;10
22;12;2
22;13;4
22;14;7
22;15;2
22;16;6
22;17;2
22;18;1
22;19;2
22;20;5
22;21;6
22;23;8
22;24;6
22;25;1
22;26;7
22;27;8
22;28;6
22;29;3
22;30;6
22;31;8
22;32;9
22;33;7
22;34;10
22;35;4
22;36;1
22;37;9
22;38;9
22;39;2
22;40;8
22;41;6
22;42;6
22;43;2
22;44;5
22;45;1
22;46;6
22;47;1
22;48;8
22;49;5
22;50;5
22;51;9
22;52;1
22;53;6
22;54;6
22;55;4
22;56;1
22;57;1
22;58;8
22;59;1
22;60;1
22;61;6
22;62;5
22;63;1
22;64;6
22;65;10
22;66;7
22;67;8
22;68;8
22;69;9
22;70;1
22;71;9
22;72;8
22;73;1
22;74;4
22;75;9
22;76;5
22;77;1
22;78;6
22;79;3
22;80;7
22;81;4
22;82;3
22;83;6
22;84;7
22;85;4
22;86;3
22;87;2
22;88;1
22;89;6
22;90;6
22;91;7
22;92;5
22;93;3
22;94;9
22;95;3
22;96;10
22;97;3
22;98;10
22;99;3
23;0;6
23;1;7
23;2;7
23;3;9
23;4;5
23;5;3
23;6;5
23;7;3
23;8;10
23;9;8
23;10;3
23;11;6
23;12;10
23;13;5
23;14;1
23;15;7
23;16;4
23;17;8
23;18;4
23;19;9
23;20;5
23;21;1
23;22;3
23;24;7
23;25;9
23;26;2
23;27;8
23;28;6
23;29;10
23;30;9
23;31;10
23;32;9
23;33;10
23;34;4
23;35;4
23;36;5
23;37;6
23;38;8
23;39;10
23;40;3
23;41;2
23;42;2
23;43;5
23;44;8
23;45;8
23;46;9
23;47;3
23;48;1
23;49;4
23;50;10
23;51;9
23;52;7
23;53;3
23;54;5
23;55;2
23;56;4
23;57;5
23;58;6
23;59;4
23;60;8
23;61;3
23;62;2
23;63;4
23;64;10
23;65;10
23;66;6
23;67;9
23;68;5
23;69;3
23;70;4
23;71;8
23;72;9
23;73;4
23;74;3
23;75;8
23;76;1
23;77;9
23;78;6
23;79;6
23;80;3
23;81;10
23;82;5
23;83;4
23;84;10
23;85;10
23;86;2
23;87;4
23;88;10
23;89;3
23;90;7
23;91;8
23;92;2
23;93;3
23;94;2
23;95;8
23;96;4
23;97;4
23;98;6
23;99;1
24;0;5
24;1;1
24;2;10
24;3;7
24;4;4
24;5;7
24;6;10
24;7;3
24;8;3
24;9;4
24;10;4
24;11;10
24;12;9
24;13;1
24;14;1
24;15;2
24;16;2
24;17;2
24;18;8
24;19;3
24;20;8
24;21;7
24;22;6
24;23;2
24;25;3
24;26;3
24;27;9
24;28;6
24;29;4
24;30;4
24;31;6
24;32;1
24;33;7
24;34;3
24;35;4
24;36;10
24;37;7
24;38;3
24;39;4
24;40;1
24;41;3
24;42;5
24;43;7
24;44;10
24;45;6
24;46;8
24;47;8
24;48;2
24;49;5
24;50;1
24;51;2
24;52;3
24;53;8
24;54;9
24;55;1
24;56;1
24;57;3
24;58;3
24;59;5
24;60;3
24;61;5
24;62;6
24;63;2
24;64;9
24;65;5
24;66;8
24;67;2
24;68;5
24;69;5
24;70;6
24;71;5
24;72;9
24;73;2
24;74;10
24;75;5
24;76;1
24;77;6
24;78;6
24;79;4
24;80;5
24;81;6
24;82;6
24;83;5
24;84;2
24;85;7
24;86;7
24;87;2
24;88;3
24;89;8
24;90;3
24;91;8
24;92;4
24;93;8
24;94;3
24;95;4
24;96;2
24;97;2
24;98;9
24;99;9
25;0;9
25;1;6
25;2;1
25;3;10
25;4;4
25;5;8
25;6;2
25;7;9
25;8;1
25;9;7
25;10;9
25;11;2
25;12;10
25;13;9
25;14;4
25;15;10
25;16;4
25;17;7
25;18;4
25;19;8
25;20;9
25;21;5
25;22;2
25;23;9
25;24;2
25;26;8
25;27;5
25;28;4
25;29;8
25;30;5
25;31;1
25;32;3
25;33;1
25;34;2
25;35;1
25;36;3
25;37;6
25;38;2
25;39;3
25;40;4
25;41;5
25;42;7
25;43;3
25;44;8
25;45;4
25;46;3
25;47;7
25;48;1
25;49;8
25;50;6
25;51;3
25;52;9
25;53;9
25;54;9
25;55;2
25;56;5
25;57;4
25;58;7
25;59;3
25;60;9
25;61;7
25;62;3
25;63;8
25;64;5
25;65;5
25;66;6
25;67;9
25;68;8
25;69;8
25;70;10
25;71;8
25;72;7
25;73;9
25;74;2
25;75;9
25;76;10
25;77;2
25;78;2
25;79;4
25;80;7
25;81;9
25;82;8
25;83;9
25;84;8
25;85;2
25;86;7
25;87;3
25;88;4
25;89;7
25;90;3
25;91;6
25;92;2
25;93;3
25;94;8
25;95;3
25;96;8
25;97;9
25;98;2
25;99;2
26;0;6
26;1;6
26;2;6
26;3;8
26;4;10
26;5;8
26;6;3
26;7;5
26;8;4
26;9;1
26;10;5
26;11;8
26;12;7
26;13;8
26;14;8
26;15;8
26;16;4
26;17;9
26;18;5
26;19;10
26;20;4
26;21;8
26;22;3
26;23;2
26;24;1
26;25;10
26;27;8
26;28;8
26;29;8
26;30;5
26;31;6
26;32;9
26;33;8
26;34;8
26;35;7
26;36;8
26;37;9
26;38;8
26;39;8
26;40;10
26;41;5
26;42;6
26;43;1
26;44;9
26;45;2
26;46;4
26;47;6
26;48;8
26;49;3
26;50;5
26;51;6
26;52;2
26;53;10
26;54;10
26;55;5
26;56;9
26;57;1
26;58;5
26;59;1
26;60;10
26;61;9
26;62;10
26;63;6
26;64;9
26;65;7
26;66;10
26;67;8
26;68;10
26;69;5
26;70;5
26;71;9
26;72;9
26;73;9
26;74;9
26;75;10
26;76;2
26;77;10
26;78;4
26;79;10
26;80;5
26;81;8
26;82;2
26;83;8
26;84;3
26;85;10
26;86;2
26;87;2
26;88;9
26;89;7
26;90;10
26;91;7
26;92;5
26;93;4
26;94;3
26;95;4
26;96;3
26;97;6
26;98;8
26;99;6
27;0;6
27;1;1
27;2;5
27;3;10
27;4;6
27;5;1
27;6;3
27;7;8
27;8;5
27;9;8
27;10;8
27;11;8
27;12;4
27;13;5
27;14;9
27;15;4
27;16;7
27;17;4
27;18;9
27;19;7
27;20;10
27;21;3
27;22;6
27;23;2
27;24;3
27;25;10
27;26;4
27;28;1
27;29;2
27;30;1
27;31;7
27;32;6
27;33;10
27;34;9
27;35;5
27;36;6
27;37;5
27;38;9
27;39;8
27;40;1
27;41;4
27;42;2
27;43;10
27;44;7
27;45;1
27;46;5
27;47;3
27;48;3
27;49;4
27;50;2
27;51;9
27;52;3
27;53;6
27;54;5
27;55;4
27;56;8
27;57;10
27;58;6
27;59;5
27;60;3
27;61;1
27;62;4
27;63;2
27;64;6
27;65;1
27;66;4
27;67;5
27;68;5
27;69;8
27;70;8
27;71;8
27;72;9
27;73;7
27;74;9
27;75;6
27;76;9
27;77;3
27;78;10
27;79;4
27;80;10
27;81;4
27;82;6
27;83;10
27;84;2
27;85;2
27;86;9
27;87;7
27;88;2
27;89;3
27;90;9
27;91;6
27;92;5
27;93;4
27;94;1
27;95;10
27;96;4
27;97;4
27;98;5
27;99;2
28;0;3
28;1;9
28;2;8
28;3;9
28;4;2
28;5;2
28;6;10
28;7;10
28;8;6
28;9;1
28;10;3
28;11;9
28;12;7
28;13;6
28;14;8
28;15;7
28;16;3
28;17;2
28;18;1
28;19;4
28;20;5
28;21;6
28;22;3
28;23;2
28;24;5
28;25;7
28;26;6
28;27;4
28;29;8
28;30;5
28;31;9
28;32;6
28;33;9
28;34;7
28;35;10
28;36;6
28;37;6
28;38;2
28;39;2
28;40;9
28;41;6
28;42;4
28;43;1
28;44;8
28;45;9
28;46;4
28;47;5
28;48;4
28;49;9
28;50;6
28;51;10
28;52;6
28;53;6
28;54;9
28;55;1
28;56;7
28;57;4
28;58;2
28;59;1
28;60;4
28;61;10
28;62;10
28;63;10
28;64;9
28;65;2
28;66;10
28;67;9
28;68;2
28;69;4
28;70;4
28;71;8
28;72;3
28;73;2
28;74;9
28;75;2
28;76;4
28;77;10
28;78;9
28;79;5
28;80;1
28;81;4
28;82;1
28;83;9
28;84;7
28;85;3
28;86;1
28;87;2
28;88;5
28;89;8
28;90;10
28;91;4
28;92;3
28;93;6
28;94;6
28;95;1
28;96;1
28;97;2
28;98;8
28;99;7
29;0;8
29;1;9
29;2;3
29;3;2
29;4;7
29;5;10
29;6;3
29;7;1
29;8;3
29;9;10
29;10;1
29;11;8
29;12;9
29;13;5
29;14;2
29;15;6
29;16;4
29;17;9
29;18;6
29;19;3
29;20;5
29;21;1
29;22;10
29;23;7
29;24;10
29;25;1
29;26;10
29;27;4
29;28;10
29;30;10
29;31;1
29;32;3
29;33;1
29;34;9
29;35;5
29;36;1
29;37;8
29;38;7
29;39;6
29;40;10
29;41;10
29;42;8
29;43;2
29;44;1
29;45;1
29;46;6
29;47;7
29;48;8
29;49;3
29;50;4
29;51;3
29;52;8
29;53;10
29;54;8
29;55;10
29;56;4
29;57;3
29;58;3
29;59;6
29;60;8
29;61;5
29;62;2
29;63;7
29;64;9
29;65;1
29;66;8
29;67;1
29;68;5
29;69;3
29;70;7
29;71;3
29;72;3
29;73;6
29;74;10
29;75;10
29;76;1
29;77;4
29;78;8
29;79;3
29;80;1
29;81;1
29;82;7
29;83;7
29;84;10
29;85;5
29;86;4
29;87;1
29;88;3
29;89;3
29;90;8
29;91;2
29;92;7
29;93;2
29;94;8
29;95;1
29;96;10
29;97;2
29;98;3
29;99;7
30;0;10
30;1;3
30;2;9
30;3;1
30;4;2
30;5;6
30;6;5
30;7;9
30;8;4
30;9;7
30;10;9
30;11;3
30;12;8
30;13;5
30;14;3
30;15;7
30;16;5
30;17;6
30;18;3
30;19;7
30;20;2
30;21;4
30;22;1
30;23;9
30;24;5
30;25;9
30;26;3
30;27;2
30;28;8
30;29;4
30;31;9
30;32;5
30;33;10
30;34;8
30;35;10
30;36;7
30;37;8
30;38;9
30;39;6
30;40;6
30;41;4
30;42;7
30;43;10
30;44;10
30;45;5
30;46;8
30;47;7
30;48;8
30;49;5
30;50;2
30;51;4
30;52;7
30;53;10
30;54;3
30;55;4
30;56;10
30;57;7
30;58;5
30;59;6
30;60;4
30;61;10
30;62;7
30;63;6
30;64;6
30;65;1
30;66;8
30;67;6
30;68;9
30;69;3
30;70;7
30;71;2
30;72;3
30;73;3
30;74;5
30;75;2
30;76;10
30;77;2
30;78;1
30;79;2
30;80;2
30;81;6
30;82;10
30;83;8
30;84;10
30;85;10
30;86;6
30;87;3
30;88;2
30;89;6
30;90;6
30;91;7
30;92;9
30;93;5
30;94;10
30;95;10
30;96;1
30;97;2
30;98;8
30;99;9
31;0;1
31;1;7
31;2;10
31;3;7
31;4;8
31;5;10
31;6;10
31;7;4
31;8;7
31;9;3
31;10;3
31;11;7
31;12;7
31;13;5
31;14;1
31;15;4
31;16;3
31;17;2
31;18;3
31;19;7
31;20;1
31;21;7
31;22;4
31;23;1
31;24;7
31;25;8
31;26;7
31;27;5
31;28;5
31;29;10
31;30;4
31;32;9
31;33;7
31;34;1
31;35;9
31;36;2
31;37;7
31;38;2
31;39;9
31;40;3
31;41;9
31;42;9
31;43;5
31;44;1
31;45;6
31;46;8
31;47;7
31;48;8
31;49;10
31;50;5
31;51;9
31;52;1
31;53;6
31;54;8
31;55;9
31;56;3
31;57;10
31;58;4
31;59;6
31;60;8
31;61;8
31;62;2
31;63;3
31;64;10
31;65;2
31;66;1
31;67;1
31;68;1
31;69;5
31;70;2
31;71;10
31;72;2
31;73;4
31;74;8
31;75;2
31;76;5
31;77;9
31;78;6
31;79;9
31;80;6
31;81;10
31;82;4
31;83;10
31;84;6
31;85;5
31;86;9
31;87;2
31;88;8
31;89;8
31;90;9
31;91;1
31;92;2
31;93;10
31;94;4
31;95;6
31;96;10
31;97;6
31;98;8
31;99;2
32;0;4
32;1;4
32;2;1
32;3;6
32;4;4
32;5;4
32;6;6
32;7;6
32;8;6
32;9;9
32;10;6
32;11;2
32;12;1
32;13;4
32;14;7
32;15;5
32;16;1
32;17;3
32;18;6
32;19;2
32;20;3
32;21;3
32;22;2
32;23;7
32;24;8
32;25;1
32;26;9
32;27;3
32;28;3
32;29;1
32;30;3
32;31;10
32;33;8
32;34;8
32;35;2
32;36;4
32;37;8
32;38;4
32;39;9
32;40;8
32;41;5
32;42;2
32;43;4
32;44;5
32;45;2
32;46;7
32;47;5
32;48;10
32;49;2
32;50;7
32;51;8
32;52;9
32;53;10
32;54;5
32;55;2
32;56;7
32;57;4
32;58;2
32;59;6
32;60;7
32;61;5
32;62;4
32;63;4
32;64;5
32;65;2
32;66;9
32;67;4
32;68;5
32;69;1
32;70;5
32;71;5
32;72;1
32;73;5
32;74;9
32;75;9
32;76;8
32;77;1
32;78;6
32;79;6
32;80;10
32;81;2
32;82;7
32;83;10
32;84;10
32;85;3
32;86;5
32;87;2
32;88;8
32;89;8
32;90;8
32;91;3
32;92;3
32;93;10
32;94;9
32;95;9
32;96;3
32;97;9
32;98;7
32;99;3
33;0;2
33;1;4
33;2;2
33;3;3
33;4;3
33;5;7
33;6;1
33;7;6
33;8;3
33;9;1
33;10;1
33;11;1
33;12;3
33;13;3
33;14;2
33;15;6
33;16;2
33;17;9
33;18;8
33;19;6
33;20;6
33;21;1
33;22;2
33;23;10
33;24;3
33;25;7
33;26;3
33;27;8
33;28;9
33;29;3
33;30;9
33;31;2
33;32;3
33;34;7
33;35;8
33;36;4
33;37;7
33;38;10
33;39;3
33;40;3
33;41;3
33;42;2
33;43;7
33;44;9
33;45;6
33;46;8
33;47;4
33;48;8
33;49;3
33;50;1
33;51;9
33;52;6
33;53;10
33;54;2
33;55;8
33;56;1
33;57;5
33;58;4
33;59;5
33;60;9
33;61;8
33;62;6
33;63;9
33;64;1
33;65;8
33;66;3
33;67;7
33;68;10
33;69;7
33;70;10
33;71;8
33;72;3
33;73;3
33;74;7
33;75;3
33;76;7
33;77;5
33;78;4
33;79;6
33;80;4
33;81;9
33;82;10
33;83;7
33;84;5
33;85;1
33;86;8
33;87;5
33;88;3
33;89;9
33;90;6
33;91;8
33;92;4
33;93;8
33;94;5
33;95;6
33;96;10
33;97;7
33;98;3
33;99;8
34;0;10
34;1;2
34;2;1
34;3;9
34;4;4
34;5;5
34;6;10
34;7;6
34;8;5
34;9;5
34;10;8
34;11;1
34;12;7
34;13;7
34;14;6
34;15;9
34;16;8
34;17;5
34;18;9
34;19;4
34;20;4
34;21;6
34;22;5
34;23;9
34;24;5
34;25;1
34;26;4
34;27;2
34;28;2
34;29;3
34;30;5
34;31;4
34;32;5
34;33;4
34;35;3
34;36;9
34;37;10
34;38;1
34;39;4
34;40;6
34;41;5
34;42;3
34;43;9
34;44;2
34;45;3
34;46;8
34;47;8
34;48;3
34;49;1
34;50;7
34;51;6
34;52;1
34;53;1
34;54;2
34;55;4
34;56;4
34;57;6
34;58;10
34;59;1
34;60;7
34;61;8
34;62;4
34;63;8
34;64;1
34;65;6
34;66;3
34;67;3
34;68;9
34;69;7
34;70;9
34;71;8
34;72;2
34;73;2
34;74;1
34;75;5
34;76;9
34;77;4
34;78;8
34;79;3
34;80;10
34;81;6
34;82;9
34;83;8
34;84;3
34;85;9
34;86;10
34;87;7
34;88;6
34;89;3
34;90;1
34;91;5
34;92;10
34;93;6
34;94;4
34;95;7
34;96;7
34;97;9
34;98;5
34;99;6
35;0;5
35;1;10
35;2;7
35;3;7
35;4;5
35;5;9
35;6;10
35;7;8
35;8;7
35;9;8
35;10;1
35;11;6
35;12;3
35;13;8
35;14;4
35;15;3
35;16;1
35;17;4
35;18;1
35;19;10
35;20;2
35;21;2
35;22;6
35;23;2
35;24;3
35;25;6
35;26;9
35;27;4
35;28;9
35;29;7
35;30;8
35;31;2
35;32;5
35;33;7
35;34;6
35;36;2
35;37;8
35;38;10
35;39;3
35;40;9
35;41;3
35;42;3
35;43;7
35;44;2
35;45;1
35;46;8
35;47;10
35;48;7
35;49;5
35;50;5
35;51;3
35;52;1
35;53;3
35;54;7
35;55;2
35;56;5
35;57;2
35;58;7
35;59;4
35;60;6
35;61;7
35;62;3
35;63;4
35;64;5
35;65;4
35;66;4
35;67;8
35;68;8
35;69;5
35;70;7
35;71;2
35;72;4
35;73;9
35;74;5
35;75;8
35;76;8
35;77;7
35;78;5
35;79;2
35;80;3
35;81;1
35;82;3
35;83;2
35;84;9
35;85;7
35;86;6
35;87;8
35;88;6
35;89;10
35;90;1
35;91;2
35;92;7
35;93;4
35;94;10
35;95;5
35;96;4
35;97;2
35;98;4
35;99;9
36;0;2
36;1;1
36;2;6
36;3;7
36;4;7
36;5;3
36;6;10
36;7;10
36;8;5
36;9;1
36;10;10
36;11;10
36;12;1
36;13;2
36;14;7
36;15;10
36;16;6
36;17;5
36;18;2
36;19;6
36;20;4
36;21;8
36;22;5
36;23;2
36;24;3
36;25;7
36;26;9
36;27;1
36;28;1
36;29;7
36;30;2
36;31;6
36;32;2
36;33;2
36;34;7
36;35;1
36;37;8
36;38;6
36;39;9
36;40;4
36;41;2
36;42;9
36;43;1
36;44;3
36;45;10
36;46;10
36;47;1
36;48;2
36;49;9
36;50;5
36;51;3
36;52;9
36;53;6
36;54;5
36;55;5
36;56;1
36;57;2
36;58;10
36;59;7
36;60;3
36;61;5
36;62;1
36;63;1
36;64;9
36;65;6
36;66;7
36;67;1
36;68;1
36;69;3
36;70;7
36;71;5
36;72;7
36;73;6
36;74;8
36;75;9
36;76;4
36;77;5
36;78;3
36;79;8
36;80;5
36;81;10
36;82;5
36;83;10
36;84;10
36;85;10
36;86;3
36;87;5
36;88;2
36;89;6
36;90;7
36;91;4
36;92;1
36;93;5
36;94;5
36;95;8
36;96;9
36;97;4
36;98;8
36;99;1
37;0;1
37;1;7
37;2;8
37;3;3
37;4;4
37;5;3
37;6;4
37;7;1
37;8;5
37;9;1
37;10;2
37;11;2
37;12;8
37;13;6
37;14;4
37;15;6
37;16;7
37;17;9
37;18;9
37;19;6
37;20;1
37;21;5
37;22;5
37;23;4
37;24;5
37;25;10
37;26;5
37;27;8
37;28;2
37;29;8
37;30;10
37;31;1
37;32;10
37;33;6
37;34;3
37;35;2
37;36;3
37;38;1
37;39;4
37;40;7
37;41;9
37;42;6
37;43;3
37;44;4
37;45;8
37;46;2
37;47;8
37;48;9
37;49;4
37;50;7
37;51;8
37;52;10
37;53;10
37;54;9
37;55;5
37;56;5
37;57;7
37;58;5
37;59;4
37;60;4
37;61;3
37;62;4
37;63;7
37;64;9
37;65;8
37;66;7
37;67;6
37;68;7
37;69;8
37;70;2
37;71;4
37;72;7
37;73;5
37;74;8
37;75;3
37;76;3
37;77;7
37;78;7
37;79;9
37;80;7
37;81;1
37;82;3
37;83;4
37;84;5
37;85;8
37;86;5
37;87;1
37;88;2
37;89;9
37;90;8
37;91;3
37;92;10
37;93;9
37;94;6
37;95;10
37;96;6
37;97;10
37;98;9
37;99;9
38;0;5
38;1;10
38;2;8
38;3;7
38;4;8
38;5;9
38;6;7
38;7;9
38;8;1
38;9;1
38;10;5
38;11;3
38;12;3
38;13;9
38;14;6
38;15;4
38;16;6
38;17;3
38;18;5
38;19;3
38;20;5
38;21;2
38;22;5
38;23;9
38;24;7
38;25;6
38;26;3
38;27;4
38;28;1
38;29;7
38;30;3
38;31;9
38;32;7
38;33;3
38;34;4
38;35;6
38;36;2
38;37;4
38;39;8
38;40;4
38;41;3
38;42;9
38;43;8
38;44;3
38;45;9
38;46;9
38;47;2
38;48;9
38;49;4
38;50;2
38;51;3
38;52;10
38;53;7
38;54;2
38;55;6
38;56;2
38;57;5
38;58;8
38;59;5
38;60;5
38;61;10
38;62;5
38;63;4
38;64;3
38;65;1
38;66;6
38;67;4
38;68;6
38;69;9
38;70;6
38;71;4
38;72;5
38;73;9
38;74;6
38;75;3
38;76;9
38;77;7
38;78;6
38;79;9
38;80;9
38;81;4
38;82;3
38;83;3
38;84;9
38;85;9
38;86;9
38;87;3
38;88;5
38;89;6
38;90;8
38;91;4
38;92;3
38;93;1
38;94;4
38;95;9
38;96;1
38;97;10
38;98;1
38;99;3
39;0;8
39;1;5
39;2;5
39;3;1
39;4;2
39;5;3
39;6;8
39;7;6
39;8;10
39;9;1
39;10;9
39;11;9
39;12;4
39;13;4
39;14;5
39;15;8
39;16;9
39;17;1
39;18;3
39;19;6
39;20;9
39;21;6
39;22;7
39;23;9
39;24;1
39;25;4
39;26;1
39;27;1
39;28;4
39;29;10
39;30;10
39;31;2
39;32;3
39;33;4
39;34;5
39;35;2
39;36;8
39;37;3
39;38;9
39;40;5
39;41;1
39;42;9
39;43;1
39;44;7
39;45;4
39;46;6
39;47;7
39;48;4
39;49;9
39;50;7
39;51;8
39;52;7
39;53;4
39;54;2
39;55;2
39;56;3
39;57;5
39;58;5
39;59;3
39;60;5
39;61;1
39;62;1
39;63;6
39;64;7
39;65;4
39;66;10
39;67;2
39;68;6
39;69;10
39;70;10
39;71;6
39;72;7
39;73;7
39;74;1
39;75;6
39;76;6
39;77;4
39;78;4
39;79;2
39;80;9
39;81;6
39;82;8
39;83;8
39;84;5
39;85;4
39;86;2
39;87;1
39;88;3
39;89;3
39;90;8
39;91;7
39;92;8
39;93;3
39;94;2
39;95;5
39;96;1
39;97;10
39;98;3
39;99;4
40;0;8
40;1;4
40;2;10
40;3;8
40;4;2
40;5;8
40;6;3
40;7;4
40;8;7
40;9;5
40;10;2
40;11;2
40;12;6
40;13;1
40;14;3
40;15;5
40;16;5
40;17;10
40;18;5
40;19;9
40;20;2
40;21;8
40;22;1
40;23;7
40;24;9
40;25;8
40;26;5
40;27;3
40;28;5
40;29;7
40;30;10
40;31;7
40;32;5
40;33;9
40;34;8
40;35;10
40;36;4
40;37;6
40;38;9
40;39;4
40;41;7
40;42;8
40;43;6
40;44;10
40;45;4
40;46;10
40;47;4
40;48;1
40;49;6
40;50;9
40;51;10
40;52;3
40;53;6
40;54;3
40;55;4
40;56;5
40;57;4
40;58;1
40;59;4
40;60;3
40;61;10
40;62;5
40;63;2
40;64;3
40;65;8
40;66;2
40;67;3
40;68;5
40;69;6
40;70;8
40;71;5
40;72;10
40;73;7
40;74;9
40;75;4
40;76;1
40;77;5
40;78;10
40;79;4
40;80;4
40;81;6
40;82;10
40;83;3
40;84;8
40;85;1
40;86;8
40;87;9
40;88;5
40;89;9
40;90;9
40;91;3
40;92;8
40;93;8
40;94;4
40;95;10
40;96;3
40;97;2
40;98;3
40;99;6
41;0;5
41;1;9
41;2;3
41;3;3
41;4;4
41;5;1
41;6;6
41;7;4
41;8;4
41;9;2
41;10;5
41;11;4
41;12;6
41;13;2
41;14;3
41;15;2
41;16;7
41;17;1
41;18;7
41;19;9
41;20;7
41;21;5
41;22;3
41;23;7
41;24;1
41;25;3
41;26;8
41;27;4
41;28;5
41;29;4
41;30;6
41;31;7
41;32;7
41;33;4
41;34;2
41;35;6
41;36;2
41;37;2
41;38;7
41;39;2
41;40;5
41;42;4
41;43;3
41;44;7
41;45;6
41;46;5
41;47;9
41;48;6
41;49;9
41;50;9
41;51;4
41;52;2
41;53;5
41;54;10
41;55;2
41;56;2
41;57;6
41;58;9
41;59;5
41;60;8
41;61;9
41;62;6
41;63;6
41;64;3
41;65;3
41;66;8
41;67;6
41;68;2
41;69;5
41;70;3
41;71;4
41;72;3
41;73;2
41;74;2
41;75;8
41;76;10
41;77;2
41;78;5
41;79;8
41;80;4
41;81;2
41;82;10
41;83;3
41;84;9
41;85;4
41;86;4
41;87;8
41;88;1
41;89;7
41;90;7
41;91;2
41;92;4
41;93;4
41;94;3
41;95;10
41;96;5
41;97;9
41;98;10
41;99;8
42;0;2
42;1;5
42;2;3
42;3;1
42;4;5
42;5;6
42;6;6
42;7;10
42;8;3
42;9;2
42;10;6
42;11;2
42;12;3
42;13;7
42;14;5
42;15;5
42;16;8
42;17;2
42;18;3
42;19;4
42;20;4
42;21;4
42;22;9
42;23;3
42;24;1
42;25;7
42;26;6
42;27;10
42;28;4
42;29;2
42;30;2
42;31;7
42;32;5
42;33;10
42;34;6
42;35;10
42;36;3
42;37;2
42;38;9
42;39;5
42;40;9
42;41;6
42;43;3
42;44;2
42;45;3
42;46;7
42;47;1
42;48;5
42;49;4
42;50;7
42;51;9
42;52;10
42;53;2
42;54;8
42;55;7
42;56;8
42;57;5
42;58;9
42;59;10
42;60;8
42;61;6
42;62;9
42;63;10
42;64;2
42;65;1
42;66;6
42;67;7
42;68;5
42;69;7
42;70;9
42;71;4
42;72;10
42;73;2
42;74;10
42;75;1
42;76;6
42;77;10
42;78;4
42;79;1
42;80;5
42;81;7
42;82;1
42;83;6
42;84;2
42;85;9
42;86;9
42;87;7
42;88;3
42;89;9
42;90;3
42;91;8
42;92;9
42;93;7
42;94;9
42;95;10
42;96;8
42;97;5
42;98;3
42;99;7
43;0;9
43;1;8
43;2;9
43;3;9
43;4;7
43;5;3
43;6;10
43;7;9
43;8;1
43;9;3
43;10;4
43;11;7
43;12;2
43;13;10
43;14;5
43;15;3
43;16;4
43;17;4
43;18;8
43;19;3
43;20;10
43;21;5
43;22;10
43;23;10
43;24;10
43;25;1
43;26;6
43;27;5
43;28;2
43;29;3
43;30;4
43;31;3
43;32;7
43;33;9
43;34;7
43;35;10
43;36;10
43;37;9
43;38;6
43;39;1
43;40;2
43;41;9
43;42;2
43;44;7
43;45;1
43;46;10
43;47;6
43;48;1
43;49;7
43;50;8
43;51;3
43;52;5
43;53;10
43;54;1
43;55;4
43;56;4
43;57;4
43;58;5
43;59;9
43;60;9
43;61;3
43;62;4
43;63;4
43;64;2
43;65;6
43;66;9
43;67;7
43;68;3
43;69;7
43;70;6
43;71;6
43;72;9
43;73;7
43;74;7
43;75;6
43;76;7
43;77;8
43;78;8
43;79;8
43;80;7
43;81;1
43;82;5
43;83;7
43;84;6
43;85;4
43;86;6
43;87;4
43;88;1
43;89;9
43;90;6
43;91;7
43;92;4
43;93;3
43;94;9
43;95;3
43;96;9
43;97;9
43;98;1
43;99;4
44;0;3
44;1;10
44;2;9
44;3;4
44;4;4
44;5;9
44;6;9
44;7;4
44;8;2
44;9;6
44;10;10
44;11;6
44;12;10
44;13;7
44;14;4
44;15;9
44;16;10
44;17;6
44;18;7
44;19;10
44;20;4
44;21;3
44;22;6
44;23;6
44;24;5
44;25;1
44;26;1
44;27;8
44;28;4
44;29;4
44;30;5
44;31;5
44;32;6
44;33;5
44;34;10
44;35;5
44;36;3
44;37;4
44;38;3
44;39;8
44;40;4
44;41;5
44;42;6
44;43;5
44;45;7
44;46;9
44;47;4
44;48;8
44;49;4
44;50;1
44;51;9
44;52;7
44;53;4
44;54;2
44;55;3
44;56;7
44;57;1
44;58;9
44;59;6
44;60;8
44;61;3
44;62;6
44;63;1
44;64;5
44;65;8
44;66;9
44;67;4
44;68;10
44;69;5
44;70;4
44;71;5
44;72;5
44;73;2
44;74;4
44;75;1
44;76;10
44;77;1
44;78;1
44;79;1
44;80;6
44;81;5
44;82;7
44;83;9
44;84;4
44;85;10
44;86;4
44;87;9
44;88;3
44;89;6
44;90;1
44;91;1
44;92;2
44;93;9
44;94;3
44;95;10
44;96;1
44;97;4
44;98;4
44;99;7
45;0;9
45;1;7
45;2;5
45;3;4
45;4;7
45;5;5
45;6;6
45;7;10
45;8;8
45;9;1
45;10;1
45;11;1
45;12;9
45;13;3
45;14;10
45;15;9
45;16;9
45;17;1
45;18;2
45;19;4
45;20;7
45;21;7
45;22;7
45;23;2
45;24;8
45;25;7
45;26;6
45;27;3
45;28;6
45;29;8
45;30;8
45;31;4
45;32;3
45;33;3
45;34;3
45;35;3
45;36;9
45;37;3
45;38;9
45;39;2
45;40;10
45;41;8
45;42;10
45;43;3
45;44;9
45;46;10
45;47;7
45;48;3
45;49;1
45;50;6
45;51;6
45;52;6
45;53;2
45;54;2
45;55;6
45;56;10
45;57;2
45;58;5
45;59;10
45;60;7
45;61;8
45;62;7
45;63;3
45;64;9
45;65;8
45;66;2
45;67;7
45;68;10
45;69;8
45;70;9
45;71;5
45;72;1
45;73;6
45;74;10
45;75;4
45;76;7
45;77;6
45;78;2
45;79;5
45;80;4
45;81;8
45;82;9
45;83;5
45;84;3
45;85;10
45;86;7
45;87;1
45;88;3
45;89;5
45;90;6
45;91;10
45;92;3
45;93;5
45;94;4
45;95;6
45;96;3
45;97;6
45;98;9
45;99;1
46;0;2
46;1;6
46;2;6
46;3;10
46;4;7
46;5;10
46;6;3
46;7;5
46;8;5
46;9;1
46;10;10
46;11;8
46;12;3
46;13;7
46;14;5
46;15;3
46;16;8
46;17;8
46;18;7
46;19;3
46;20;10
46;21;8
46;22;4
46;23;2
46;24;3
46;25;7
46;26;4
46;27;8
46;28;9
46;29;8
46;30;10
46;31;10
46;32;10
46;33;2
46;34;6
46;35;2
46;36;9
46;37;2
46;38;3
46;39;1
46;40;10
46;41;1
46;42;5
46;43;8
46;44;4
46;45;7
46;47;7
46;48;5
46;49;5
46;50;6
46;51;4
46;52;10
46;53;8
46;54;8
46;55;7
46;56;8
46;57;9
46;58;1
46;59;9
46;60;9
46;61;5
46;62;7
46;63;2
46;64;8
46;65;9
46;66;1
46;67;2
46;68;7
46;69;2
46;70;2
46;71;4
46;72;7
46;73;9
46;74;8
46;75;7
46;76;9
46;77;2
46;78;3
46;79;8
46;80;1
46;81;7
46;82;1
46;83;4
46;84;10
46;85;3
46;86;6
46;87;1
46;88;9
46;89;1
46;90;6
46;91;3
46;92;9
46;93;3
46;94;8
46;95;5
46;96;7
46;97;3
46;98;10
46;99;5
47;0;5
47;1;1
47;2;4
47;3;5
47;4;2
47;5;9
47;6;4
47;7;5
47;8;8
47;9;3
47;10;8
47;11;8
47;12;9
47;13;2
47;14;10
47;15;6
47;16;7
47;17;7
47;18;8
47;19;4
47;20;7
47;21;9
47;22;7
47;23;4
47;24;2
47;25;4
47;26;4
47;27;5
47;28;6
47;29;9
47;30;8
47;31;4
47;32;1
47;33;7
47;34;4
47;35;9
47;36;4
47;37;4
47;38;4
47;39;1
47;40;2
47;41;7
47;42;8
47;43;10
47;44;1
47;45;10
47;46;5
47;48;2
47;49;4
47;50;4
47;51;10
47;52;9
47;53;1
47;54;9
47;55;8
47;56;2
47;57;2
47;58;9
47;59;9
47;60;4
47;61;7
47;62;9
47;63;6
47;64;7
47;65;10
47;66;8
47;67;6
47;68;5
47;69;9
47;70;2
47;71;2
47;72;10
47;73;2
47;74;6
47;75;7
47;76;3
47;77;4
47;78;7
47;79;4
47;80;9
47;81;6
47;82;5
47;83;5
47;84;10
47;85;5
47;86;2
47;87;6
47;88;5
47;89;10
47;90;1
47;91;3
47;92;10
47;93;7
47;94;6
47;95;2
47;96;5
47;97;4
47;98;1
47;99;10
48;0;5
48;1;2
48;2;4
48;3;1
48;4;8
48;5;2
48;6;8
48;7;2
48;8;2
48;9;7
48;10;10
48;11;4
48;12;8
48;13;4
48;14;9
48;15;1
48;16;9
48;17;4
48;18;3
48;19;6
48;20;6
48;21;8
48;22;5
48;23;3
48;24;1
48;25;6
48;26;9
48;27;5
48;28;9
48;29;5
48;30;2
48;31;7
48;32;1
48;33;8
48;34;5
48;35;3
48;36;1
48;37;4
48;38;4
48;39;6
48;40;6
48;41;8
48;42;1
48;43;2
48;44;2
48;45;2
48;46;5
48;47;7
48;49;9
48;50;10
48;51;10
48;52;4
48;53;6
48;54;9
48;55;6
48;56;7
48;57;6
48;58;7
48;59;7
48;60;9
48;61;9
48;62;5
48;63;10
48;64;2
48;65;8
48;66;3
48;67;2
48;68;9
48;69;4
48;70;8
48;71;3
48;72;4
48;73;1
48;74;6
48;75;4
48;76;8
48;77;7
48;78;7
48;79;5
48;80;8
48;81;10
48;82;3
48;83;8
48;84;2
48;85;1
48;86;4
48;87;7
48;88;5
48;89;10
48;90;7
48;91;7
48;92;7
48;93;7
48;94;3
48;95;4
48;96;9
48;97;1
48;98;6
48;99;3
49;0;1
49;1;8
49;2;10
49;3;2
49;4;4
49;5;5
49;6;6
49;7;5
49;8;5
49;9;9
49;10;6
49;11;10
49;12;7
49;13;6
49;14;8
49;15;1
49;16;2
49;17;3
49;18;6
49;19;4
49;20;9
49;21;10
49;22;10
49;23;10
49;24;9
49;25;5
49;26;5
49;27;1
49;28;7
49;29;5
49;30;5
49;31;4
49;32;8
49;33;1
49;34;4
49;35;6
49;36;6
49;37;9
49;38;3
49;39;1
49;40;1
49;41;10
49;42;4
49;43;7
49;44;9
49;45;3
49;46;9
49;47;3
49;48;8
49;50;4
49;51;8
49;52;4
49;53;6
49;54;2
49;55;4
49;56;3
49;57;1
49;58;10
49;59;4
49;60;3
49;61;9
49;62;7
49;63;7
49;64;8
49;65;3
49;66;6
49;67;1
49;68;7
49;69;5
49;70;7
49;71;2
49;72;4
49;73;1
49;74;8
49;75;1
49;76;7
49;77;1
49;78;1
49;79;4
49;80;3
49;81;2
49;82;10
49;83;9
49;84;10
49;85;6
49;86;5
49;87;5
49;88;3
49;89;2
49;90;1
49;91;3
49;92;4
49;93;4
49;94;3
49;95;7
49;96;4
49;97;3
49;98;1
49;99;4
50;0;8
50;1;6
50;2;10
50;3;1
50;4;9
50;5;7
50;6;7
50;7;8
50;8;4
50;9;9
50;10;9
50;11;3
50;12;2
50;13;9
50;14;2
50;15;4
50;16;5
50;17;3
50;18;1
50;19;9
50;20;8
50;21;10
50;22;5
50;23;9
50;24;1
50;25;8
50;26;1
50;27;4
50;28;1
50;29;7
50;30;8
50;31;5
50;32;2
50;33;7
50;34;3
50;35;3
50;36;1
50;37;7
50;38;2
50;39;8
50;40;3
50;41;2
50;42;1
50;43;10
50;44;1
50;45;4
50;46;10
50;47;10
50;48;8
50;49;7
50;51;3
50;52;3
50;53;2
50;54;1
50;55;7
50;56;6
50;57;4
50;58;7
50;59;5
50;60;6
50;61;3
50;62;6
50;63;10
50;64;7
50;65;3
50;66;10
50;67;1
50;68;9
50;69;4
50;70;8
50;71;8
50;72;4
50;73;1
50;74;5
50;75;5
50;76;3
50;77;1
50;78;3
50;79;4
50;80;10
50;81;4
50;82;4
50;83;4
50;84;10
50;85;4
50;86;2
50;87;2
50;88;3
50;89;4
50;90;2
50;91;1
50;92;9
50;93;3
50;94;5
50;95;4
50;96;8
50;97;9
50;98;4
50;99;6
51;0;3
51;1;2
51;2;3
51;3;9
51;4;10
51;5;4
51;6;2
51;7;6
51;8;9
51;9;4
51;10;9
51;11;10
51;12;5
51;13;9
51;14;2
51;15;4
51;16;9
51;17;9
51;18;3
51;19;9
51;20;1
51;21;2
51;22;8
51;23;5
51;24;8
51;25;10
51;26;9
51;27;4
51;28;9
51;29;4
51;30;1
51;31;5
51;32;5
51;33;10
51;34;2
51;35;10
51;36;2
51;37;9
51;38;1
51;39;8
51;40;6
51;41;5
51;42;9
51;43;9
51;44;3
51;45;8
51;46;2
51;47;1
51;48;7
51;49;4
51;50;10
51;52;5
51;53;5
51;54;3
51;55;1
51;56;4
51;57;10
51;58;10
51;59;8
51;60;7
51;61;3
51;62;2
51;63;8
51;64;9
51;65;5
51;66;7
51;67;6
51;68;9
51;69;7
51;70;6
51;71;5
51;72;3
51;73;8
51;74;4
51;75;2
51;76;7
51;77;5
51;78;7
51;79;3
51;80;10
51;81;10
51;82;4
51;83;1
51;84;6
51;85;5
51;86;6
51;87;3
51;88;4
51;89;5
51;90;8
51;91;10
51;92;4
51;93;4
51;94;9
51;95;9
51;96;6
51;97;8
51;98;5
51;99;3
52;0;8
52;1;5
52;2;7
52;3;6
52;4;10
52;5;2
52;6;1
52;7;4
52;8;6
52;9;4
52;10;7
52;11;6
52;12;5
52;13;6
52;14;6
52;15;5
52;16;7
52;17;10
52;18;9
52;19;7
52;20;7
52;21;8
52;22;10
52;23;1
52;24;2
52;25;3
52;26;2
52;27;5
52;28;6
52;29;9
52;30;9
52;31;5
52;32;4
52;33;10
52;34;1
52;35;5
52;36;8
52;37;8
52;38;7
52;39;4
52;40;7
52;41;10
52;42;9
52;43;6
52;44;7
52;45;6
52;46;1
52;47;2
52;48;8
52;49;2
52;50;1
52;51;8
52;53;10
52;54;4
52;55;6
52;56;5
52;57;8
52;58;5
52;59;2
52;60;3
52;61;8
52;62;6
52;63;10
52;64;3
52;65;2
52;66;6
52;67;2
52;68;9
52;69;2
52;70;6
52;71;5
52;72;5
52;73;6
52;74;2
52;75;1
52;76;8
52;77;4
52;78;7
52;79;1
52;80;3
52;81;7
52;82;5
52;83;6
52;84;8
52;85;9
52;86;8
52;87;6
52;88;8
52;89;3
52;90;1
52;91;7
52;92;2
52;93;4
52;94;6
52;95;8
52;96;8
52;97;9
52;98;1
52;99;7
53;0;5
53;1;4
53;2;9
53;3;5
53;4;5
53;5;1
53;6;1
53;7;6
53;8;10
53;9;1
53;10;4
53;11;6
53;12;4
53;13;3
53;14;1
53;15;6
53;16;5
53;17;8
53;18;1
53;19;2
53;20;3
53;21;3
53;22;2
53;23;9
53;24;6
53;25;5
53;26;8
53;27;2
53;28;7
53;29;9
53;30;4
53;31;4
53;32;6
53;33;2
53;34;8
53;35;4
53;36;9
53;37;7
53;38;5
53;39;1
53;40;5
53;41;10
53;42;9
53;43;6
53;44;6
53;45;6
53;46;1
53;47;6
53;48;3
53;49;5
53;50;4
53;51;1
53;52;5
53;54;3
53;55;3
53;56;10
53;57;4
53;58;2
53;59;4
53;60;10
53;61;3
53;62;10
53;63;7
53;64;2
53;65;6
53;66;10
53;67;7
53;68;4
53;69;7
53;70;1
53;71;5
53;72;7
53;73;5
53;74;3
53;75;9
53;76;8
53;77;1
53;78;8
53;79;6
53;80;7
53;81;7
53;82;3
53;83;6
53;84;6
53;85;7
53;86;3
53;87;2
53;88;10
53;89;1
53;90;3
53;91;8
53;92;1
53;93;1
53;94;7
53;95;9
53;96;10
53;97;1
53;98;9
53;99;1
54;0;9
54;1;4
54;2;2
54;3;4
54;4;2
54;5;7
54;6;4
54;7;7
54;8;3
54;9;6
54;10;4
54;11;4
54;12;2
54;13;8
54;14;1
54;15;8
54;16;7
54;17;6
54;18;9
54;19;10
54;20;4
54;21;7
54;22;1
54;23;4
54;24;2
54;25;2
54;26;4
54;27;2
54;28;10
54;29;9
54;30;9
54;31;5
54;32;10
54;33;6
54;34;10
54;35;9
54;36;5
54;37;5
54;38;9
54;39;8
54;40;9
54;41;1
54;42;8
54;43;1
54;44;2
54;45;3
54;46;6
54;47;6
54;48;8
54;49;4
54;50;8
54;51;3
54;52;10
54;53;8
54;55;9
54;56;4
54;57;1
54;58;4
54;59;7
54;60;9
54;61;6
54;62;8
54;63;10
54;64;7
54;65;6
54;66;8
54;67;7
54;68;8
54;69;1
54;70;10
54;71;2
54;72;7
54;73;8
54;74;4
54;75;6
54;76;1
54;77;5
54;78;4
54;79;3
54;80;6
54;81;6
54;82;4
54;83;5
54;84;4
54;85;7
54;86;6
54;87;7
54;88;4
54;89;7
54;90;9
54;91;9
54;92;7
54;93;9
54;94;1
54;95;7
54;96;2
54;97;9
54;98;8
54;99;5
55;0;2
55;1;6
55;2;2
55;3;4
55;4;10
55;5;4
55;6;3
55;7;10
55;8;8
55;9;4
55;10;1
55;11;4
55;12;3
55;13;9
55;14;9
55;15;4
55;16;6
55;17;9
55;18;5
55;19;6
55;20;1
55;21;3
55;22;4
55;23;7
55;24;1
55;25;9
55;26;1
55;27;5
55;28;10
55;29;5
55;30;7
55;31;10
55;32;1
55;33;5
55;34;2
55;35;1
55;36;2
55;37;1
55;38;6
55;39;6
55;40;10
55;41;1
55;42;10
55;43;5
55;44;9
55;45;9
55;46;1
55;47;4
55;48;10
55;49;7
55;50;10
55;51;8
55;52;4
55;53;6
55;54;7
55;56;10
55;57;8
55;58;8
55;59;7
55;60;1
55;61;5
55;62;6
55;63;1
55;64;7
55;65;7
55;66;4
55;67;4
55;68;10
55;69;9
55;70;9
55;71;7
55;72;6
55;73;1
55;74;6
55;75;7
55;76;6
55;77;6
55;78;7
55;79;2
55;80;9
55;81;1
55;82;9
55;83;5
55;84;4
55;85;5
55;86;2
55;87;3
55;88;9
55;89;2
55;90;4
55;91;9
55;92;2
55;93;3
55;94;4
55;95;6
55;96;7
55;97;4
55;98;2
55;99;3
56;0;5
56;1;2
56;2;9
56;3;5
56;4;1
56;5;3
56;6;9
56;7;4
56;8;10
56;9;1
56;10;2
56;11;7
56;12;3
56;13;5
56;14;2
56;15;3
56;16;7
56;17;4
56;18;2
56;19;6
56;20;7
56;21;5
56;22;4
56;23;8
56;24;6
56;25;9
56;26;7
56;27;8
56;28;2
56;29;7
56;30;2
56;31;1
56;32;6
56;33;7
56;34;5
56;35;1
56;36;4
56;37;9
56;38;7
56;39;3
56;40;7
56;41;4
56;42;1
56;43;3
56;44;7
56;45;6
56;46;1
56;47;10
56;48;1
56;49;6
56;50;1
56;51;9
56;52;5
56;53;3
56;54;4
56;55;6
56;57;9
56;58;6
56;59;1
56;60;2
56;61;10
56;62;9
56;63;7
56;64;9
56;65;7
56;66;4
56;67;2
56;68;3
56;69;1
56;70;10
56;71;3
56;72;8
56;73;7
56;74;3
56;75;3
56;76;8
56;77;4
56;78;5
56;79;7
56;80;9
56;81;7
56;82;1
56;83;5
56;84;9
56;85;3
56;86;3
56;87;6
56;88;7
56;89;6
56;90;10
56;91;4
56;92;4
56;93;6
56;94;9
56;95;1
56;96;6
56;97;2
56;98;8
56;99;4
57;0;5
57;1;5
57;2;2
57;3;8
57;4;3
57;5;8
57;6;5
57;7;3
57;8;1
57;9;7
57;10;10
57;11;9
57;12;8
57;13;4
57;14;8
57;15;5
57;16;6
57;17;10
57;18;1
57;19;4
57;20;3
57;21;9
57;22;3
57;23;6
57;24;10
57;25;6
57;26;10
57;27;6
57;28;6
57;29;6
57;30;9
57;31;8
57;32;8
57;33;2
57;34;7
57;35;5
57;36;9
57;37;8
57;38;6
57;39;8
57;40;8
57;41;6
57;42;8
57;43;8
57;44;2
57;45;1
57;46;2
57;47;8
57;48;6
57;49;3
57;50;8
57;51;1
57;52;4
57;53;9
57;54;5
57;55;6
57;56;10
57;58;5
57;59;3
57;60;4
57;61;7
57;62;8
57;63;4
57;64;4
57;65;7
57;66;1
57;67;5
57;68;10
57;69;2
57;70;8
57;71;5
57;72;2
57;73;5
57;74;2
57;75;2
57;76;3
57;77;3
57;78;1
57;79;8
57;80;4
57;81;1
57;82;8
57;83;6
57;84;6
57;85;6
57;86;7
57;87;8
57;88;5
57;89;8
57;90;4
57;91;5
57;92;1
57;93;8
57;94;2
57;95;6
57;96;9
57;97;1
57;98;3
57;99;5
58;0;8
58;1;4
58;2;2
58;3;6
58;4;9
58;5;7
58;6;5
58;7;8
58;8;10
58;9;8
58;10;1
58;11;10
58;12;2
58;13;10
58;14;9
58;15;4
58;16;6
58;17;3
58;18;2
58;19;8
58;20;4
58;21;2
58;22;4
58;23;8
58;24;7
58;25;8
58;26;8
58;27;10
58;28;7
58;29;5
58;30;5
58;31;6
58;32;9
58;33;1
58;34;10
58;35;3
58;36;3
58;37;6
58;38;6
58;39;3
58;40;7
58;41;3
58;42;7
58;43;7
58;44;3
58;45;4
58;46;3
58;47;10
58;48;9
58;49;4
58;50;2
58;51;6
58;52;2
58;53;5
58;54;5
58;55;1
58;56;1
58;57;9
58;59;6
58;60;3
58;61;8
58;62;6
58;63;9
58;64;4
58;65;8
58;66;7
58;67;3
58;68;5
58;69;4
58;70;10
58;71;10
58;72;1
58;73;6
58;74;10
58;75;6
58;76;9
58;77;2
58;78;7
58;79;10
58;80;8
58;81;7
58;82;7
58;83;10
58;84;2
58;85;2
58;86;3
58;87;7
58;88;2
58;89;4
58;90;4
58;91;7
58;92;4
58;93;10
58;94;9
58;95;3
58;96;9
58;97;4
58;98;10
58;99;7
59;0;1
59;1;8
59;2;3
59;3;8
59;4;9
59;5;9
59;6;3
59;7;7
59;8;2
59;9;1
59;10;7
59;11;9
59;12;3
59;13;3
59;14;10
59;15;7
59;16;10
59;17;4
59;18;10
59;19;10
59;20;5
59;21;1
59;22;2
59;23;6
59;24;6
59;25;8
59;26;10
59;27;9
59;28;10
59;29;10
59;30;1
59;31;10
59;32;3
59;33;6
59;34;6
59;35;4
59;36;4
59;37;10
59;38;6
59;39;1
59;40;4
59;41;6
59;42;6
59;43;8
59;44;7
59;45;6
59;46;4
59;47;4
59;48;10
59;49;1
59;50;6
59;51;2
59;52;10
59;53;6
59;54;9
59;55;7
59;56;6
59;57;6
59;58;9
59;60;9
59;61;2
59;62;8
59;63;3
59;64;3
59;65;10
59;66;3
59;67;1
59;68;5
59;69;8
59;70;7
59;71;8
59;72;9
59;73;7
59;74;7
59;75;1
59;76;4
59;77;3
59;78;10
59;79;2
59;80;10
59;81;9
59;82;9
59;83;10
59;84;9
59;85;5
59;86;3
59;87;1
59;88;6
59;89;9
59;90;4
59;91;10
59;92;4
59;93;10
59;94;10
59;95;8
59;96;5
59;97;6
59;98;5
59;99;9
60;0;4
60;1;1
60;2;4
60;3;4
60;4;10
60;5;6
60;6;5
60;7;4
60;8;1
60;9;3
60;10;5
60;11;2
60;12;8
60;13;7
60;14;5
60;15;8
60;16;8
60;17;9
60;18;2
60;19;6
60;20;5
60;21;9
60;22;9
60;23;9
60;24;7
60;25;9
60;26;3
60;27;4
60;28;2
60;29;3
60;30;5
60;31;1
60;32;9
60;33;10
60;34;2
60;35;5
60;36;8
60;37;9
60;38;7
60;39;7
60;40;9
60;41;5
60;42;9
60;43;2
60;44;8
60;45;2
60;46;3
60;47;10
60;48;2
60;49;5
60;50;6
60;51;3
60;52;4
60;53;1
60;54;1
60;55;4
60;56;3
60;57;4
60;58;6
60;59;7
60;61;9
60;62;10
60;63;10
60;64;6
60;65;10
60;66;6
60;67;2
60;68;2
60;69;2
60;70;6
60;71;10
60;72;2
60;73;7
60;74;9
60;75;2
60;76;8
60;77;2
60;78;4
60;79;10
60;80;4
60;81;2
60;82;8
60;83;8
60;84;8
60;85;4
60;86;4
60;87;4
60;88;9
60;89;4
60;90;3
60;91;3
60;92;6
60;93;3
60;94;7
60;95;10
60;96;3
60;97;10
60;98;4
60;99;3
61;0;1
61;1;9
61;2;3
61;3;10
61;4;2
61;5;1
61;6;9
61;7;10
61;8;9
61;9;3
61;10;3
61;11;8
61;12;4
61;13;10
61;14;9
61;15;3
61;16;2
61;17;2
61;18;2
61;19;9
61;20;6
61;21;1
61;22;4
61;23;10
61;24;1
61;25;2
61;26;7
61;27;2
61;28;9
61;29;9
61;30;7
61;31;7
61;32;3
61;33;6
61;34;3
61;35;1
61;36;8
61;37;3
61;38;4
61;39;9
61;40;7
61;41;1
61;42;1
61;43;5
61;44;7
61;45;10
61;46;8
61;47;6
61;48;6
61;49;8
61;50;10
61;51;7
61;52;5
61;53;1
61;54;7
61;55;4
61;56;1
61;57;8
61;58;10
61;59;3
61;60;8
61;62;2
61;63;10
61;64;9
61;65;2
61;66;6
61;67;10
61;68;3
61;69;6
61;70;5
61;71;6
61;72;5
61;73;6
61;74;10
61;75;7
61;76;4
61;77;8
61;78;1
61;79;7
61;80;7
61;81;10
61;82;3
61;83;7
61;84;8
61;85;1
61;86;4
61;87;3
61;88;4
61;89;1
61;90;6
61;91;9
61;92;3
61;93;9
61;94;7
61;95;7
61;96;6
61;97;7
61;98;9
61;99;5
62;0;6
62;1;9
62;2;5
62;3;9
62;4;1
62;5;4
62;6;10
62;7;9
62;8;3
62;9;8
62;10;5
62;11;6
62;12;3
62;13;1
62;14;10
62;15;9
62;16;4
62;17;7
62;18;1
62;19;9
62;20;8
62;21;1
62;22;1
62;23;4
62;24;9
62;25;5
62;26;8
62;27;6
62;28;7
62;29;3
62;30;5
62;31;4
62;32;3
62;33;10
62;34;7
62;35;7
62;36;5
62;37;6
62;38;1
62;39;1
62;40;1
62;41;5
62;42;9
62;43;9
62;44;7
62;45;4
62;46;9
62;47;4
62;48;9
62;49;7
62;50;5
62;51;2
62;52;4
62;53;7
62;54;5
62;55;4
62;56;4
62;57;4
62;58;9
62;59;9
62;60;7
62;61;1
62;63;1
62;64;7
62;65;8
62;66;5
62;67;8
62;68;3
62;69;2
62;70;9
62;71;8
62;72;4
62;73;2
62;74;3
62;75;10
62;76;7
62;77;4
62;78;3
62;79;2
62;80;4
62;81;4
62;82;4
62;83;5
62;84;8
62;85;7
62;86;5
62;87;9
62;88;5
62;89;6
62;90;2
62;91;1
62;92;8
62;93;7
62;94;2
62;95;1
62;96;1
62;97;7
62;98;9
62;99;10
63;0;9
63;1;3
63;2;2
63;3;5
63;4;1
63;5;9
63;6;2
63;7;2
63;8;8
63;9;8
63;10;1
63;11;8
63;12;7
63;13;5
63;14;8
63;15;5
63;16;4
63;17;1
63;18;8
63;19;5
63;20;10
63;21;4
63;22;5
63;23;9
63;24;6
63;25;4
63;26;10
63;27;10
63;28;8
63;29;5
63;30;2
63;31;2
63;32;7
63;33;1
63;34;4
63;35;7
63;36;1
63;37;5
63;38;7
63;39;8
63;40;2
63;41;2
63;42;4
63;43;1
63;44;7
63;45;1
63;46;5
63;47;4
63;48;9
63;49;8
63;50;3
63;51;6
63;52;5
63;53;1
63;54;4
63;55;5
63;56;3
63;57;8
63;58;9
63;59;3
63;60;5
63;61;6
63;62;7
63;64;5
63;65;8
63;66;10
63;67;9
63;68;7
63;69;6
63;70;4
63;71;9
63;72;6
63;73;5
63;74;1
63;75;5
63;76;3
63;77;5
63;78;3
63;79;10
63;80;8
63;81;2
63;82;10
63;83;4
63;84;2
63;85;9
63;86;10
63;87;6
63;88;10
63;89;2
63;90;7
63;91;2
63;92;9
63;93;9
63;94;10
63;95;1
63;96;8
63;97;8
63;98;3
63;99;8
64;0;5
64;1;1
64;2;6
64;3;1
64;4;1
64;5;7
64;6;9
64;7;8
64;8;8
64;9;10
64;10;9
64;11;10
64;12;6
64;13;8
64;14;2
64;15;5
64;16;3
64;17;2
64;18;5
64;19;5
64;20;3
64;21;4
64;22;2
64;23;10
64;24;1
64;25;10
64;26;4
64;27;6
64;28;8
64;29;9
64;30;2
64;31;7
64;32;2
64;33;4
64;34;9
64;35;1
64;36;2
64;37;5
64;38;8
64;39;4
64;40;8
64;41;7
64;42;2
64;43;3
64;44;1
64;45;2
64;46;6
64;47;6
64;48;7
64;49;5
64;50;2
64;51;9
64;52;2
64;53;7
64;54;1
64;55;7
64;56;6
64;57;2
64;58;2
64;59;2
64;60;10
64;61;4
64;62;10
64;63;4
64;65;1
64;66;2
64;67;4
64;68;6
64;69;4
64;70;3
64;71;8
64;72;4
64;73;7
64;74;4
64;75;4
64;76;1
64;77;7
64;78;7
64;79;4
64;80;5
64;81;9
64;82;9
64;83;7
64;84;6
64;85;2
64;86;6
64;87;2
64;88;4
64;89;9
64;90;7
64;91;3
64;92;6
64;93;3
64;94;10
64;95;6
64;96;6
64;97;1
64;98;6
64;99;4
65;0;10
65;1;3
65;2;5
65;3;9
65;4;3
65;5;6
65;6;10
65;7;10
65;8;2
65;9;8
65;10;1
65;11;6
65;12;1
65;13;2
65;14;6
65;15;10
65;16;1
65;17;3
65;18;10
65;19;5
65;20;9
65;21;5
65;22;4
65;23;4
65;24;7
65;25;10
65;26;8
65;27;5
65;28;5
65;29;5
65;30;4
65;31;9
65;32;10
65;33;1
65;34;3
65;35;4
65;36;6
65;37;8
65;38;4
65;39;8
65;40;6
65;41;9
65;42;5
65;43;2
65;44;3
65;45;3
65;46;3
65;47;2
65;48;2
65;49;2
65;50;6
65;51;7
65;52;4
65;53;6
65;54;9
65;55;9
65;56;1
65;57;8
65;58;4
65;59;6
65;60;8
65;61;7
65;62;1
65;63;4
65;64;2
65;66;9
65;67;1
65;68;4
65;69;3
65;70;3
65;71;2
65;72;8
65;73;2
65;74;2
65;75;7
65;76;5
65;77;7
65;78;5
65;79;3
65;80;2
65;81;5
65;82;2
65;83;9
65;84;2
65;85;7
65;86;3
65;87;9
65;88;4
65;89;6
65;90;6
65;91;4
65;92;7
65;93;7
65;94;2
65;95;1
65;96;4
65;97;4
65;98;5
65;99;5
66;0;4
66;1;3
66;2;10
66;3;9
66;4;10
66;5;2
66;6;9
66;7;2
66;8;10
66;9;10
66;10;9
66;11;5
66;12;9
66;13;9
66;14;4
66;15;10
66;16;3
66;17;7
66;18;3
66;19;2
66;20;5
66;21;4
66;22;2
66;23;2
66;24;2
66;25;6
66;26;5
66;27;2
66;28;2
66;29;6
66;30;5
66;31;5
66;32;9
66;33;5
66;34;2
66;35;8
66;36;1
66;37;10
66;38;5
66;39;6
66;40;4
66;41;10
66;42;3
66;43;2
66;44;4
66;45;1
66;46;6
66;47;9
66;48;10
66;49;7
66;50;9
66;51;7
66;52;6
66;53;4
66;54;1
66;55;2
66;56;10
66;57;5
66;58;3
66;59;7
66;60;5
66;61;6
66;62;4
66;63;5
66;64;8
66;65;6
66;67;7
66;68;8
66;69;2
66;70;8
66;71;10
66;72;7
66;73;1
66;74;4
66;75;6
66;76;1
66;77;9
66;78;3
66;79;3
66;80;7
66;81;9
66;82;10
66;83;6
66;84;3
66;85;10
66;86;10
66;87;1
66;88;1
66;89;8
66;90;4
66;91;7
66;92;7
66;93;5
66;94;2
66;95;6
66;96;1
66;97;2
66;98;5
66;99;8
67;0;7
67;1;9
67;2;7
67;3;3
67;4;1
67;5;4
67;6;6
67;7;2
67;8;8
67;9;3
67;10;5
67;11;8
67;12;8
67;13;8
67;14;9
67;15;10
67;16;6
67;17;4
67;18;8
67;19;1
67;20;7
67;21;3
67;22;6
67;23;8
67;24;4
67;25;5
67;26;2
67;27;6
67;28;5
67;29;2
67;30;9
67;31;2
67;32;9
67;33;8
67;34;3
67;35;5
67;36;7
67;37;6
67;38;5
67;39;9
67;40;5
67;41;7
67;42;10
67;43;6
67;44;6
67;45;1
67;46;9
67;47;2
67;48;2
67;49;7
67;50;2
67;51;7
67;52;3
67;53;3
67;54;5
67;55;9
67;56;8
67;57;6
67;58;9
67;59;3
67;60;1
67;61;2
67;62;9
67;63;8
67;64;8
67;65;8
67;66;10
67;68;8
67;69;8
67;70;2
67;71;4
67;72;4
67;73;5
67;74;2
67;75;3
67;76;10
67;77;1
67;78;3
67;79;1
67;80;3
67;81;9
67;82;7
67;83;5
67;84;1
67;85;9
67;86;5
67;87;4
67;88;8
67;89;8
67;90;4
67;91;5
67;92;4
67;93;8
67;94;7
67;95;9
67;96;8
67;97;10
67;98;6
67;99;2
68;0;8
68;1;1
68;2;4
68;3;2
68;4;3
68;5;2
68;6;1
68;7;1
68;8;2
68;9;1
68;10;10
68;11;1
68;12;7
68;13;2
68;14;6
68;15;3
68;16;5
68;17;6
68;18;9
68;19;1
68;20;8
68;21;9
68;22;9
68;23;3
68;24;2
68;25;1
68;26;5
68;27;9
68;28;3
68;29;8
68;30;9
68;31;3
68;32;4
68;33;5
68;34;7
68;35;5
68;36;8
68;37;4
68;38;5
68;39;1
68;40;4
68;41;9
68;42;6
68;43;2
68;44;3
68;45;7
68;46;10
68;47;6
68;48;9
68;49;9
68;50;8
68;51;1
68;52;9
68;53;4
68;54;6
68;55;3
68;56;7
68;57;9
68;58;1
68;59;1
68;60;1
68;61;9
68;62;8
68;63;7
68;64;8
68;65;3
68;66;10
68;67;2
68;69;3
68;70;5
68;71;3
68;72;8
68;73;9
68;74;4
68;75;8
68;76;7
68;77;4
68;78;1
68;79;2
68;80;2
68;81;7
68;82;6
68;83;3
68;84;8
68;85;7
68;86;4
68;87;1
68;88;1
68;89;7
68;90;1
68;91;1
68;92;5
68;93;5
68;94;10
68;95;6
68;96;9
68;97;8
68;98;2
68;99;4
69;0;6
69;1;3
69;2;3
69;3;10
69;4;5
69;5;9
69;6;5
69;7;7
69;8;5
69;9;7
69;10;10
69;11;6
69;12;8
69;13;5
69;14;5
69;15;2
69;16;2
69;17;9
69;18;1
69;19;8
69;20;7
69;21;3
69;22;5
69;23;1
69;24;3
69;25;5
69;26;6
69;27;6
69;28;5
69;29;6
69;30;2
69;31;2
69;32;2
69;33;10
69;34;2
69;35;9
69;36;5
69;37;3
69;38;4
69;39;10
69;40;4
69;41;5
69;42;7
69;43;6
69;44;10
69;45;5
69;46;9
69;47;8
69;48;9
69;49;4
69;50;7
69;51;2
69;52;8
69;53;2
69;54;8
69;55;3
69;56;8
69;57;4
69;58;7
69;59;9
69;60;1
69;61;1
69;62;2
69;63;3
69;64;8
69;65;4
69;66;2
69;67;6
69;68;8
69;70;6
69;71;1
69;72;1
69;73;5
69;74;8
69;75;7
69;76;10
69;77;3
69;78;10
69;79;1
69;80;8
69;81;9
69;82;7
69;83;6
69;84;5
69;85;3
69;86;3
69;87;8
69;88;5
69;89;10
69;90;4
69;91;1
69;92;7
69;93;5
69;94;1
69;95;9
69;96;8
69;97;1
69;98;1
69;99;8
70;0;4
70;1;7
70;2;6
70;3;2
70;4;7
70;5;5
70;6;1
70;7;7
70;8;10
70;9;4
70;10;2
70;11;10
70;12;2
70;13;5
70;14;10
70;15;2
70;16;5
70;17;4
70;18;4
70;19;2
70;20;10
70;21;4
70;22;3
70;23;10
70;24;4
70;25;4
70;26;6
70;27;8
70;28;7
70;29;3
70;30;7
70;31;5
70;32;4
70;33;4
70;34;5
70;35;6
70;36;5
70;37;9
70;38;10
70;39;1
70;40;4
70;41;2
70;42;1
70;43;9
70;44;4
70;45;7
70;46;7
70;47;6
70;48;10
70;49;6
70;50;8
70;51;1
70;52;4
70;53;3
70;54;10
70;55;1
70;56;1
70;57;3
70;58;7
70;59;2
70;60;7
70;61;4
70;62;2
70;63;5
70;64;2
70;65;9
70;66;5
70;67;5
70;68;2
70;69;6
70;71;4
70;72;8
70;73;3
70;74;9
70;75;6
70;76;1
70;77;4
70;78;6
70;79;4
70;80;1
70;81;4
70;82;7
70;83;10
70;84;2
70;85;10
70;86;7
70;87;6
70;88;8
70;89;6
70;90;7
70;91;3
70;92;4
70;93;2
70;94;3
70;95;3
70;96;3
70;97;2
70;98;10
70;99;3
71;0;6
71;1;10
71;2;6
71;3;8
71;4;5
71;5;6
71;6;6
71;7;10
71;8;5
71;9;10
71;10;1
71;11;2
71;12;2
71;13;5
71;14;8
71;15;4
71;16;1
71;17;7
71;18;9
71;19;3
71;20;8
71;21;7
71;22;7
71;23;4
71;24;1
71;25;9
71;26;9
71;27;7
71;28;7
71;29;5
71;30;2
71;31;8
71;32;4
71;33;1
71;34;1
71;35;10
71;36;5
71;37;3
71;38;7
71;39;3
71;40;1
71;41;2
71;42;4
71;43;1
71;44;3
71;45;7
71;46;7
71;47;9
71;48;2
71;49;5
71;50;7
71;51;3
71;52;3
71;53;4
71;54;1
71;55;8
71;56;10
71;57;1
71;58;2
71;59;9
71;60;9
71;61;2
71;62;2
71;63;7
71;64;1
71;65;7
71;66;8
71;67;2
71;68;8
71;69;1
71;70;3
71;72;2
71;73;1
71;74;1
71;75;5
71;76;8
71;77;5
71;78;2
71;79;10
71;80;10
71;81;3
71;82;1
71;83;1
71;84;6
71;85;7
71;86;7
71;87;7
71;88;4
71;89;2
71;90;3
71;91;6
71;92;1
71;93;10
71;94;9
71;95;3
71;96;4
71;97;8
71;98;1
71;99;6
72;0;6
72;1;3
72;2;4
72;3;4
72;4;10
72;5;7
72;6;1
72;7;4
72;8;3
72;9;6
72;10;7
72;11;1
72;12;7
72;13;3
72;14;10
72;15;2
72;16;5
72;17;2
72;18;6
72;19;9
72;20;10
72;21;8
72;22;9
72;23;4
72;24;6
72;25;6
72;26;8
72;27;3
72;28;7
72;29;2
72;30;9
72;31;4
72;32;10
72;33;3
72;34;3
72;35;3
72;36;8
72;37;5
72;38;2
72;39;10
72;40;8
72;41;1
72;42;2
72;43;3
72;44;3
72;45;9
72;46;1
72;47;4
72;48;10
72;49;8
72;50;9
72;51;8
72;52;1
72;53;5
72;54;2
72;55;1
72;56;1
72;57;10
72;58;9
72;59;7
72;60;1
72;61;5
72;62;10
72;63;3
72;64;7
72;65;4
72;66;1
72;67;7
72;68;3
72;69;5
72;70;7
72;71;6
72;73;10
72;74;4
72;75;10
72;76;2
72;77;6
72;78;2
72;79;7
72;80;5
72;81;6
72;82;1
72;83;1
72;84;9
72;85;2
72;86;8
72;87;10
72;88;7
72;89;2
72;90;9
72;91;3
72;92;4
72;93;8
72;94;4
72;95;2
72;96;8
72;97;10
72;98;5
72;99;1
73;0;4
73;1;10
73;2;10
73;3;7
73;4;2
73;5;10
73;6;3
73;7;3
73;8;2
73;9;2
73;10;6
73;11;7
73;12;1
73;13;8
73;14;5
73;15;3
73;16;10
73;17;10
73;18;5
73;19;10
73;20;8
73;21;9
73;22;5
73;23;7
73;24;5
73;25;2
73;26;2
73;27;8
73;28;5
73;29;1
73;30;6
73;31;8
73;32;9
73;33;7
73;34;7
73;35;4
73;36;7
73;37;6
73;38;4
73;39;6
73;40;1
73;41;3
73;42;9
73;43;10
73;44;8
73;45;4
73;46;7
73;47;10
73;48;4
73;49;3
73;50;2
73;51;6
73;52;7
73;53;9
73;54;5
73;55;2
73;56;8
73;57;3
73;58;5
73;59;1
73;60;3
73;61;7
73;62;10
73;63;7
73;64;1
73;65;5
73;66;4
73;67;3
73;68;4
73;69;4
73;70;1
73;71;9
73;72;9
73;74;6
73;75;6
73;76;7
73;77;2
73;78;9
73;79;8
73;80;8
73;81;6
73;82;4
73;83;5
73;84;3
73;85;1
73;86;10
73;87;2
73;88;1
73;89;10
73;90;5
73;91;3
73;92;4
73;93;5
73;94;1
73;95;1
73;96;3
73;97;1
73;98;8
73;99;6
74;0;5
74;1;7
74;2;1
74;3;3
74;4;10
74;5;8
74;6;8
74;7;6
74;8;8
74;9;7
74;10;3
74;11;6
74;12;6
74;13;4
74;14;3
74;15;5
74;16;7
74;17;4
74;18;9
74;19;9
74;20;9
74;21;4
74;22;7
74;23;1
74;24;1
74;25;5
74;26;7
74;27;1
74;28;10
74;29;6
74;30;4
74;31;3
74;32;1
74;33;10
74;34;4
74;35;1
74;36;7
74;37;2
74;38;6
74;39;2
74;40;4
74;41;1
74;42;9
74;43;3
74;44;6
74;45;5
74;46;10
74;47;5
74;48;7
74;49;5
74;50;6
74;51;7
74;52;1
74;53;10
74;54;6
74;55;6
74;56;8
74;57;1
74;58;9
74;59;8
74;60;5
74;61;7
74;62;5
74;63;8
74;64;10
74;65;5
74;66;1
74;67;9
74;68;3
74;69;1
74;70;10
74;71;6
74;72;3
74;73;7
74;75;1
74;76;9
74;77;2
74;78;1
74;79;8
74;80;10
74;81;6
74;82;4
74;83;7
74;84;9
74;85;4
74;86;6
74;87;8
74;88;2
74;89;1
74;90;5
74;91;5
74;92;8
74;93;9
74;94;5
74;95;2
74;96;7
74;97;1
74;98;3
74;99;6
75;0;8
75;1;3
75;2;1
75;3;8
75;4;4
75;5;3
75;6;3
75;7;2
75;8;7
75;9;2
75;10;8
75;11;8
75;12;4
75;13;6
75;14;4
75;15;1
75;16;9
75;17;8
75;18;7
75;19;5
75;20;5
75;21;9
75;22;9
75;23;1
75;24;2
75;25;10
75;26;9
75;27;3
75;28;6
75;29;10
75;30;1
75;31;4
75;32;8
75;33;3
75;34;8
75;35;8
75;36;10
75;37;3
75;38;10
75;39;7
75;40;7
75;41;1
75;42;5
75;43;9
75;44;4
75;45;3
75;46;2
75;47;7
75;48;9
75;49;7
75;50;2
75;51;2
75;52;3
75;53;1
75;54;9
75;55;4
75;56;6
75;57;2
75;58;10
75;59;2
75;60;2
75;61;10
75;62;2
75;63;8
75;64;9
75;65;8
75;66;9
75;67;3
75;68;5
75;69;5
75;70;1
75;71;10
75;72;4
75;73;8
75;74;5
75;76;9
75;77;6
75;78;5
75;79;7
75;80;2
75;81;7
75;82;9
75;83;10
75;84;7
75;85;3
75;86;8
75;87;1
75;88;2
75;89;3
75;90;9
75;91;1
75;92;7
75;93;7
75;94;8
75;95;4
75;96;2
75;97;9
75;98;6
75;99;10
76;0;3
76;1;7
76;2;10
76;3;2
76;4;2
76;5;6
76;6;2
76;7;9
76;8;6
76;9;4
76;10;10
76;11;1
76;12;8
76;13;4
76;14;9
76;15;1
76;16;10
76;17;4
76;18;5
76;19;3
76;20;10
76;21;8
76;22;6
76;23;3
76;24;10
76;25;6
76;26;5
76;27;5
76;28;9
76;29;1
76;30;2
76;31;1
76;32;7
76;33;3
76;34;10
76;35;6
76;36;5
76;37;1
76;38;10
76;39;5
76;40;3
76;41;2
76;42;7
76;43;10
76;44;4
76;45;5
76;46;2
76;47;10
76;48;10
76;49;8
76;50;10
76;51;1
76;52;10
76;53;8
76;54;8
76;55;1
76;56;3
76;57;8
76;58;10
76;59;6
76;60;1
76;61;3
76;62;6
76;63;10
76;64;6
76;65;5
76;66;4
76;67;1
76;68;8
76;69;7
76;70;3
76;71;6
76;72;10
76;73;7
76;74;1
76;75;7
76;77;6
76;78;3
76;79;2
76;80;8
76;81;2
76;82;2
76;83;1
76;84;3
76;85;5
76;86;4
76;87;7
76;88;5
76;89;5
76;90;9
76;91;8
76;92;8
76;93;3
76;94;8
76;95;5
76;96;2
76;97;4
76;98;4
76;99;1
77;0;2
77;1;8
77;2;4
77;3;8
77;4;1
77;5;3
77;6;9
77;7;4
77;8;7
77;9;10
77;10;3
77;11;5
77;12;3
77;13;10
77;14;2
77;15;7
77;16;7
77;17;1
77;18;9
77;19;9
77;20;4
77;21;10
77;22;3
77;23;2
77;24;2
77;25;9
77;26;10
77;27;9
77;28;3
77;29;3
77;30;2
77;31;8
77;32;4
77;33;7
77;34;2
77;35;2
77;36;8
77;37;10
77;38;5
77;39;5
77;40;9
77;41;1
77;42;8
77;43;3
77;44;2
77;45;3
77;46;5
77;47;10
77;48;3
77;49;1
77;50;5
77;51;2
77;52;5
77;53;6
77;54;9
77;55;6
77;56;5
77;57;6
77;58;10
77;59;1
77;60;4
77;61;4
77;62;6
77;63;9
77;64;3
77;65;6
77;66;2
77;67;3
77;68;3
77;69;7
77;70;10
77;71;9
77;72;4
77;73;8
77;74;3
77;75;7
77;76;3
77;78;5
77;79;7
77;80;3
77;81;3
77;82;10
77;83;7
77;84;4
77;85;2
77;86;3
77;87;9
77;88;9
77;89;8
77;90;5
77;91;7
77;92;5
77;93;5
77;94;1
77;95;5
77;96;2
77;97;3
77;98;5
77;99;5
78;0;2
78;1;2
78;2;1
78;3;9
78;4;4
78;5;7
78;6;8
78;7;1
78;8;4
78;9;5
78;10;7
78;11;9
78;12;8
78;13;4
78;14;3
78;15;3
78;16;8
78;17;2
78;18;8
78;19;8
78;20;9
78;21;1
78;22;9
78;23;2
78;24;7
78;25;10
78;26;6
78;27;5
78;28;2
78;29;8
78;30;8
78;31;10
78;32;9
78;33;4
78;34;4
78;35;9
78;36;7
78;37;2
78;38;1
78;39;1
78;40;10
78;41;3
78;42;1
78;43;10
78;44;5
78;45;8
78;46;1
78;47;8
78;48;1
78;49;7
78;50;2
78;51;1
78;52;5
78;53;9
78;54;4
78;55;3
78;56;3
78;57;10
78;58;2
78;59;9
78;60;9
78;61;10
78;62;6
78;63;10
78;64;10
78;65;3
78;66;2
78;67;3
78;68;7
78;69;2
78;70;4
78;71;5
78;72;1
78;73;4
78;74;6
78;75;10
78;76;8
78;77;8
78;79;1
78;80;3
78;81;7
78;82;3
78;83;10
78;84;8
78;85;9
78;86;9
78;87;5
78;88;3
78;89;3
78;90;6
78;91;7
78;92;6
78;93;9
78;94;1
78;95;2
78;96;10
78;97;9
78;98;7
78;99;10
79;0;7
79;1;3
79;2;5
79;3;3
79;4;1
79;5;4
79;6;5
79;7;5
79;8;8
79;9;3
79;10;5
79;11;4
79;12;3
79;13;10
79;14;4
79;15;5
79;16;10
79;17;10
79;18;5
79;19;2
79;20;9
79;21;6
79;22;8
79;23;5
79;24;7
79;25;8
79;26;4
79;27;8
79;28;7
79;29;6
79;30;8
79;31;4
79;32;8
79;33;4
79;34;7
79;35;10
79;36;3
79;37;10
79;38;8
79;39;9
79;40;2
79;41;7
79;42;1
79;43;4
79;44;5
79;45;9
79;46;1
79;47;3
79;48;8
79;49;4
79;50;5
79;51;10
79;52;1
79;53;1
79;54;5
79;55;3
79;56;10
79;57;5
79;58;9
79;59;9
79;60;1
79;61;7
79;62;4
79;63;2
79;64;6
79;65;5
79;66;2
79;67;9
79;68;9
79;69;1
79;70;2
79;71;2
79;72;7
79;73;3
79;74;8
79;75;10
79;76;1
79;77;1
79;78;6
79;80;6
79;81;1
79;82;5
79;83;8
79;84;6
79;85;5
79;86;10
79;87;3
79;88;7
79;89;1
79;90;6
79;91;1
79;92;8
79;93;2
79;94;6
79;95;4
79;96;3
79;97;4
79;98;9
79;99;1
80;0;9
80;1;4
80;2;4
80;3;1
80;4;7
80;5;1
80;6;1
80;7;8
80;8;4
80;9;10
80;10;9
80;11;4
80;12;2
80;13;8
80;14;10
80;15;8
80;16;7
80;17;9
80;18;8
80;19;2
80;20;5
80;21;7
80;22;4
80;23;7
80;24;2
80;25;10
80;26;2
80;27;3
80;28;10
80;29;6
80;30;3
80;31;2
80;32;5
80;33;1
80;34;3
80;35;8
80;36;7
80;37;6
80;38;10
80;39;9
80;40;9
80;41;5
80;42;3
80;43;6
80;44;8
80;45;4
80;46;6
80;47;2
80;48;6
80;49;6
80;50;8
80;51;7
80;52;2
80;53;6
80;54;5
80;55;4
80;56;6
80;57;6
80;58;5
80;59;1
80;60;2
80;61;7
80;62;2
80;63;10
80;64;3
80;65;10
80;66;3
80;67;8
80;68;10
80;69;6
80;70;9
80;71;9
80;72;8
80;73;4
80;74;7
80;75;8
80;76;2
80;77;8
80;78;5
80;79;5
80;81;8
80;82;9
80;83;1
80;84;7
80;85;1
80;86;6
80;87;4
80;88;7
80;89;1
80;90;6
80;91;7
80;92;8
80;93;1
80;94;3
80;95;6
80;96;3
80;97;2
80;98;7
80;99;1
81;0;2
81;1;7
81;2;5
81;3;4
81;4;2
81;5;4
81;6;3
81;7;5
81;8;9
81;9;7
81;10;2
81;11;2
81;12;9
81;13;1
81;14;6
81;15;1
81;16;5
81;17;8
81;18;9
81;19;4
81;20;7
81;21;4
81;22;8
81;23;2
81;24;4
81;25;2
81;26;4
81;27;3
81;28;8
81;29;10
81;30;5
81;31;4
81;32;9
81;33;2
81;34;5
81;35;2
81;36;4
81;37;5
81;38;4
81;39;9
81;40;5
81;41;6
81;42;7
81;43;3
81;44;1
81;45;1
81;46;2
81;47;8
81;48;10
81;49;9
81;50;8
81;51;7
81;52;8
81;53;3
81;54;8
81;55;2
81;56;7
81;57;4
81;58;5
81;59;1
81;60;8
81;61;7
81;62;10
81;63;1
81;64;9
81;65;4
81;66;3
81;67;8
81;68;3
81;69;3
81;70;7
81;71;7
81;72;2
81;73;10
81;74;6
81;75;6
81;76;6
81;77;6
81;78;9
81;79;5
81;80;7
81;82;4
81;83;1
81;84;2
81;85;5
81;86;5
81;87;9
81;88;8
81;89;3
81;90;9
81;91;1
81;92;3
81;93;9
81;94;1
81;95;6
81;96;6
81;97;6
81;98;4
81;99;2
82;0;8
82;1;1
82;2;10
82;3;7
82;4;2
82;5;9
82;6;9
82;7;7
82;8;7
82;9;1
82;10;3
82;11;7
82;12;2
82;13;9
82;14;7
82;15;5
82;16;9
82;17;10
82;18;8
82;19;9
82;20;7
82;21;2
82;22;8
82;23;8
82;24;4
82;25;3
82;26;8
82;27;8
82;28;2
82;29;9
82;30;1
82;31;6
82;32;1
82;33;9
82;34;5
82;35;1
82;36;6
82;37;8
82;38;2
82;39;10
82;40;7
82;41;6
82;42;5
82;43;5
82;44;3
82;45;6
82;46;9
82;47;4
82;48;6
82;49;2
82;50;2
82;51;3
82;52;6
82;53;3
82;54;7
82;55;7
82;56;7
82;57;9
82;58;8
82;59;7
82;60;10
82;61;7
82;62;5
82;63;1
82;64;3
82;65;2
82;66;8
82;67;5
82;68;8
82;69;4
82;70;1
82;71;1
82;72;3
82;73;10
82;74;4
82;75;4
82;76;2
82;77;4
82;78;9
82;79;8
82;80;10
82;81;1
82;83;7
82;84;2
82;85;3
82;86;2
82;87;9
82;88;4
82;89;3
82;90;5
82;91;3
82;92;2
82;93;8
82;94;10
82;95;4
82;96;3
82;97;10
82;98;2
82;99;9
83;0;4
83;1;1
83;2;1
83;3;9
83;4;4
83;5;9
83;6;9
83;7;8
83;8;6
83;9;8
83;10;8
83;11;7
83;12;5
83;13;7
83;14;4
83;15;10
83;16;10
83;17;3
83;18;1
83;19;8
83;20;3
83;21;4
83;22;10
83;23;3
83;24;10
83;25;4
83;26;4
83;27;9
83;28;8
83;29;6
83;30;1
83;31;9
83;32;8
83;33;4
83;34;2
83;35;6
83;36;10
83;37;7
83;38;3
83;39;6
83;40;5
83;41;1
83;42;9
83;43;10
83;44;7
83;45;8
83;46;5
83;47;4
83;48;8
83;49;3
83;50;2
83;51;7
83;52;10
83;53;10
83;54;6
83;55;7
83;56;3
83;57;1
83;58;10
83;59;10
83;60;8
83;61;7
83;62;6
83;63;5
83;64;1
83;65;7
83;66;7
83;67;2
83;68;8
83;69;10
83;70;7
83;71;6
83;72;5
83;73;4
83;74;8
83;75;3
83;76;4
83;77;10
83;78;3
83;79;7
83;80;5
83;81;4
83;82;7
83;84;10
83;85;8
83;86;2
83;87;7
83;88;8
83;89;5
83;90;8
83;91;10
83;92;1
83;93;4
83;94;7
83;95;10
83;96;9
83;97;9
83;98;8
83;99;9
84;0;5
84;1;10
84;2;5
84;3;3
84;4;1
84;5;8
84;6;2
84;7;3
84;8;5
84;9;6
84;10;1
84;11;5
84;12;2
84;13;3
84;14;1
84;15;9
84;16;1
84;17;1
84;18;9
84;19;10
84;20;3
84;21;1
84;22;9
84;23;8
84;24;10
84;25;3
84;26;1
84;27;3
84;28;3
84;29;2
84;30;10
84;31;10
84;32;2
84;33;5
84;34;6
84;35;3
84;36;5
84;37;3
84;38;8
84;39;5
84;40;8
84;41;3
84;42;9
84;43;3
84;44;4
84;45;8
84;46;8
84;47;3
84;48;10
84;49;1
84;50;6
84;51;4
84;52;7
84;53;5
84;54;10
84;55;7
84;56;10
84;57;7
84;58;6
84;59;3
84;60;5
84;61;4
84;62;8
84;63;2
84;64;8
84;65;3
84;66;6
84;67;4
84;68;4
84;69;10
84;70;9
84;71;9
84;72;5
84;73;1
84;74;4
84;75;3
84;76;3
84;77;1
84;78;6
84;79;9
84;80;6
84;81;9
84;82;9
84;83;5
84;85;1
84;86;4
84;87;10
84;88;4
84;89;1
84;90;8
84;91;6
84;92;5
84;93;10
84;94;2
84;95;8
84;96;3
84;97;2
84;98;6
84;99;2
85;0;3
85;1;4
85;2;7
85;3;4
85;4;1
85;5;3
85;6;9
85;7;4
85;8;10
85;9;9
85;10;2
85;11;4
85;12;1
85;13;4
85;14;9
85;15;7
85;16;1
85;17;1
85;18;8
85;19;9
85;20;7
85;21;2
85;22;1
85;23;9
85;24;9
85;25;5
85;26;7
85;27;4
85;28;8
85;29;6
85;30;4
85;31;9
85;32;4
85;33;5
85;34;5
85;35;3
85;36;3
85;37;10
85;38;10
85;39;10
85;40;1
85;41;10
85;42;6
85;43;7
85;44;3
85;45;1
85;46;4
85;47;4
85;48;2
85;49;2
85;50;10
85;51;4
85;52;1
85;53;9
85;54;7
85;55;9
85;56;6
85;57;6
85;58;6
85;59;6
85;60;4
85;61;7
85;62;10
85;63;8
85;64;1
85;65;4
85;66;6
85;67;6
85;68;1
85;69;7
85;70;6
85;71;7
85;72;7
85;73;3
85;74;4
85;75;5
85;76;7
85;77;8
85;78;5
85;79;2
85;80;7
85;81;7
85;82;1
85;83;9
85;84;8
85;86;2
85;87;4
85;88;3
85;89;2
85;90;6
85;91;7
85;92;4
85;93;3
85;94;1
85;95;2
85;96;5
85;97;6
85;98;2
85;99;3
86;0;1
86;1;9
86;2;4
86;3;2
86;4;4
86;5;4
86;6;9
86;7;2
86;8;5
86;9;8
86;10;6
86;11;7
86;12;9
86;13;2
86;14;2
86;15;5
86;16;5
86;17;7
86;18;7
86;19;7
86;20;2
86;21;10
86;22;2
86;23;7
86;24;7
86;25;1
86;26;6
86;27;3
86;28;4
86;29;9
86;30;10
86;31;10
86;32;7
86;33;6
86;34;6
86;35;4
86;36;7
86;37;10
86;38;8
86;39;6
86;40;3
86;41;10
86;42;6
86;43;4
86;44;8
86;45;8
86;46;6
86;47;6
86;48;3
86;49;9
86;50;7
86;51;6
86;52;7
86;53;3
86;54;4
86;55;2
86;56;7
86;57;3
86;58;4
86;59;4
86;60;10
86;61;3
86;62;8
86;63;2
86;64;2
86;65;10
86;66;4
86;67;5
86;68;3
86;69;8
86;70;8
86;71;3
86;72;1
86;73;7
86;74;4
86;75;10
86;76;3
86;77;2
86;78;1
86;79;4
86;80;7
86;81;4
86;82;2
86;83;2
86;84;7
86;85;4
86;87;10
86;88;8
86;89;3
86;90;9
86;91;9
86;92;5
86;93;3
86;94;5
86;95;3
86;96;8
86;97;2
86;98;10
86;99;10
87;0;1
87;1;3
87;2;10
87;3;3
87;4;4
87;5;6
87;6;7
87;7;3
87;8;6
87;9;9
87;10;9
87;11;9
87;12;3
87;13;10
87;14;7
87;15;5
87;16;6
87;17;2
87;18;1
87;19;7
87;20;2
87;21;10
87;22;9
87;23;1
87;24;9
87;25;6
87;26;5
87;27;5
87;28;8
87;29;10
87;30;4
87;31;3
87;32;3
87;33;7
87;34;3
87;35;1
87;36;8
87;37;3
87;38;3
87;39;1
87;40;5
87;41;2
87;42;4
87;43;7
87;44;2
87;45;9
87;46;5
87;47;8
87;48;10
87;49;4
87;50;10
87;51;7
87;52;7
87;53;2
87;54;6
87;55;2
87;56;2
87;57;3
87;58;10
87;59;2
87;60;1
87;61;2
87;62;3
87;63;6
87;64;5
87;65;5
87;66;6
87;67;1
87;68;4
87;69;2
87;70;8
87;71;2
87;72;9
87;73;8
87;74;7
87;75;3
87;76;1
87;77;4
87;78;5
87;79;9
87;80;1
87;81;4
87;82;8
87;83;9
87;84;10
87;85;1
87;86;9
87;88;10
87;89;10
87;90;7
87;91;10
87;92;2
87;93;5
87;94;7
87;95;7
87;96;9
87;97;1
87;98;4
87;99;10
88;0;8
88;1;8
88;2;10
88;3;4
88;4;2
88;5;10
88;6;10
88;7;10
88;8;3
88;9;10
88;10;7
88;11;7
88;12;3
88;13;1
88;14;5
88;15;2
88;16;9
88;17;4
88;18;6
88;19;9
88;20;1
88;21;7
88;22;1
88;23;5
88;24;4
88;25;4
88;26;1
88;27;6
88;28;8
88;29;3
88;30;9
88;31;8
88;32;6
88;33;9
88;34;10
88;35;7
88;36;8
88;37;4
88;38;1
88;39;4
88;40;3
88;41;3
88;42;9
88;43;8
88;44;9
88;45;2
88;46;7
88;47;7
88;48;2
88;49;2
88;50;3
88;51;6
88;52;6
88;53;1
88;54;1
88;55;2
88;56;2
88;57;8
88;58;6
88;59;10
88;60;9
88;61;4
88;62;10
88;63;7
88;64;7
88;65;6
88;66;1
88;67;6
88;68;4
88;69;3
88;70;3
88;71;8
88;72;10
88;73;8
88;74;5
88;75;3
88;76;8
88;77;8
88;78;8
88;79;4
88;80;7
88;81;10
88;82;4
88;83;6
88;84;2
88;85;2
88;86;4
88;87;9
88;89;8
88;90;9
88;91;6
88;92;7
88;93;1
88;94;6
88;95;2
88;96;6
88;97;7
88;98;10
88;99;1
89;0;8
89;1;5
89;2;7
89;3;4
89;4;2
89;5;6
89;6;7
89;7;5
89;8;7
89;9;8
89;10;4
89;11;10
89;12;3
89;13;8
89;14;10
89;15;7
89;16;2
89;17;10
89;18;2
89;19;8
89;20;6
89;21;7
89;22;7
89;23;6
89;24;7
89;25;5
89;26;8
89;27;3
89;28;4
89;29;3
89;30;1
89;31;1
89;32;4
89;33;4
89;34;5
89;35;10
89;36;9
89;37;3
89;38;6
89;39;8
89;40;6
89;41;5
89;42;7
89;43;4
89;44;10
89;45;6
89;46;8
89;47;5
89;48;7
89;49;8
89;50;5
89;51;4
89;52;2
89;53;8
89;54;7
89;55;2
89;56;10
89;57;8
89;58;5
89;59;9
89;60;10
89;61;9
89;62;1
89;63;10
89;64;6
89;65;2
89;66;5
89;67;5
89;68;5
89;69;4
89;70;1
89;71;5
89;72;4
89;73;1
89;74;6
89;75;6
89;76;4
89;77;4
89;78;10
89;79;6
89;80;3
89;81;8
89;82;4
89;83;4
89;84;9
89;85;10
89;86;3
89;87;3
89;88;10
89;90;8
89;91;3
89;92;2
89;93;2
89;94;5
89;95;1
89;96;9
89;97;9
89;98;1
89;99;2
90;0;3
90;1;2
90;2;5
90;3;1
90;4;4
90;5;2
90;6;7
90;7;6
90;8;4
90;9;5
90;10;9
90;11;10
90;12;10
90;13;5
90;14;4
90;15;6
90;16;10
90;17;3
90;18;3
90;19;2
90;20;4
90;21;9
90;22;9
90;23;1
90;24;1
90;25;3
90;26;2
90;27;8
90;28;3
90;29;4
90;30;1
90;31;4
90;32;10
90;33;5
90;34;10
90;35;10
90;36;1
90;37;6
90;38;4
90;39;4
90;40;2
90;41;4
90;42;9
90;43;7
90;44;6
90;45;10
90;46;2
90;47;8
90;48;1
90;49;6
90;50;1
90;51;8
90;52;7
90;53;2
90;54;2
90;55;5
90;56;1
90;57;8
90;58;3
90;59;3
90;60;7
90;61;6
90;62;8
90;63;2
90;64;10
90;65;4
90;66;5
90;67;2
90;68;7
90;69;2
90;70;10
90;71;3
90;72;10
90;73;5
90;74;8
90;75;3
90;76;1
90;77;4
90;78;8
90;79;2
90;80;3
90;81;6
90;82;8
90;83;2
90;84;2
90;85;4
90;86;5
90;87;6
90;88;9
90;89;9
90;91;9
90;92;2
90;93;4
90;94;1
90;95;2
90;96;9
90;97;8
90;98;5
90;99;4
91;0;3
91;1;4
91;2;9
91;3;5
91;4;4
91;5;4
91;6;1
91;7;7
91;8;3
91;9;6
91;10;4
91;11;8
91;12;5
91;13;9
91;14;4
91;15;7
91;16;9
91;17;5
91;18;2
91;19;4
91;20;3
91;21;10
91;22;3
91;23;6
91;24;10
91;25;9
91;26;2
91;27;7
91;28;2
91;29;7
91;30;8
91;31;4
91;32;9
91;33;7
91;34;10
91;35;6
91;36;1
91;37;9
91;38;5
91;39;7
91;40;8
91;41;10
91;42;2
91;43;9
91;44;5
91;45;2
91;46;3
91;47;2
91;48;9
91;49;2
91;50;10
91;51;4
91;52;6
91;53;2
91;54;9
91;55;6
91;56;6
91;57;8
91;58;5
91;59;3
91;60;4
91;61;3
91;62;5
91;63;7
91;64;3
91;65;2
91;66;7
91;67;3
91;68;10
91;69;4
91;70;3
91;71;5
91;72;6
91;73;6
91;74;2
91;75;10
91;76;6
91;77;1
91;78;7
91;79;4
91;80;10
91;81;3
91;82;5
91;83;2
91;84;9
91;85;3
91;86;7
91;87;1
91;88;2
91;89;5
91;90;9
91;92;10
91;93;6
91;94;8
91;95;3
91;96;4
91;97;2
91;98;10
91;99;3
92;0;3
92;1;9
92;2;7
92;3;5
92;4;9
92;5;7
92;6;3
92;7;9
92;8;5
92;9;8
92;10;1
92;11;8
92;12;4
92;13;1
92;14;7
92;15;7
92;16;7
92;17;6
92;18;1
92;19;3
92;20;1
92;21;4
92;22;10
92;23;1
92;24;10
92;25;9
92;26;9
92;27;5
92;28;8
92;29;10
92;30;3
92;31;7
92;32;4
92;33;5
92;34;7
92;35;5
92;36;10
92;37;5
92;38;4
92;39;5
92;40;4
92;41;7
92;42;2
92;43;8
92;44;10
92;45;6
92;46;5
92;47;6
92;48;9
92;49;5
92;50;1
92;51;5
92;52;1
92;53;3
92;54;6
92;55;2
92;56;3
92;57;3
92;58;1
92;59;4
92;60;10
92;61;6
92;62;3
92;63;6
92;64;3
92;65;9
92;66;1
92;67;8
92;68;6
92;69;10
92;70;10
92;71;1
92;72;9
92;73;7
92;74;6
92;75;10
92;76;10
92;77;2
92;78;8
92;79;7
92;80;9
92;81;8
92;82;10
92;83;3
92;84;5
92;85;7
92;86;7
92;87;7
92;88;3
92;89;5
92;90;4
92;91;6
92;93;5
92;94;10
92;95;6
92;96;5
92;97;1
92;98;5
92;99;10
93;0;9
93;1;3
93;2;2
93;3;7
93;4;5
93;5;3
93;6;10
93;7;9
93;8;4
93;9;1
93;10;6
93;11;8
93;12;3
93;13;7
93;14;5
93;15;8
93;16;2
93;17;2
93;18;3
93;19;4
93;20;10
93;21;10
93;22;4
93;23;3
93;24;4
93;25;1
93;26;4
93;27;2
93;28;1
93;29;2
93;30;4
93;31;9
93;32;4
93;33;10
93;34;2
93;35;7
93;36;1
93;37;2
93;38;8
93;39;3
93;40;2
93;41;2
93;42;3
93;43;10
93;44;1
93;45;9
93;46;6
93;47;1
93;48;2
93;49;7
93;50;5
93;51;6
93;52;3
93;53;10
93;54;6
93;55;4
93;56;9
93;57;5
93;58;10
93;59;8
93;60;10
93;61;8
93;62;5
93;63;6
93;64;2
93;65;1
93;66;7
93;67;10
93;68;7
93;69;1
93;70;7
93;71;2
93;72;3
93;73;9
93;74;1
93;75;6
93;76;4
93;77;8
93;78;3
93;79;6
93;80;5
93;81;1
93;82;3
93;83;3
93;84;3
93;85;3
93;86;3
93;87;5
93;88;2
93;89;9
93;90;1
93;91;7
93;92;9
93;94;3
93;95;6
93;96;7
93;97;7
93;98;6
93;99;9
94;0;3
94;1;6
94;2;1
94;3;3
94;4;5
94;5;10
94;6;3
94;7;10
94;8;5
94;9;4
94;10;4
94;11;1
94;12;3
94;13;9
94;14;10
94;15;8
94;16;4
94;17;1
94;18;5
94;19;1
94;20;3
94;21;7
94;22;3
94;23;5
94;24;8
94;25;10
94;26;9
94;27;3
94;28;10
94;29;10
94;30;4
94;31;5
94;32;6
94;33;4
94;34;2
94;35;2
94;36;8
94;37;1
94;38;8
94;39;3
94;40;5
94;41;6
94;42;5
94;43;9
94;44;2
94;45;7
94;46;9
94;47;5
94;48;10
94;49;6
94;50;3
94;51;7
94;52;9
94;53;4
94;54;5
94;55;3
94;56;1
94;57;7
94;58;1
94;59;2
94;60;5
94;61;9
94;62;2
94;63;9
94;64;2
94;65;4
94;66;6
94;67;6
94;68;2
94;69;6
94;70;8
94;71;9
94;72;9
94;73;6
94;74;10
94;75;2
94;76;6
94;77;8
94;78;7
94;79;1
94;80;3
94;81;5
94;82;9
94;83;7
94;84;3
94;85;8
94;86;1
94;87;2
94;88;10
94;89;1
94;90;4
94;91;6
94;92;7
94;93;9
94;95;10
94;96;5
94;97;7
94;98;5
94;99;5
95;0;5
95;1;3
95;2;10
95;3;9
95;4;6
95;5;8
95;6;3
95;7;10
95;8;4
95;9;2
95;10;3
95;11;3
95;12;8
95;13;2
95;14;7
95;15;2
95;16;4
95;17;7
95;18;1
95;19;4
95;20;7
95;21;1
95;22;3
95;23;10
95;24;8
95;25;10
95;26;5
95;27;1
95;28;5
95;29;5
95;30;7
95;31;6
95;32;2
95;33;4
95;34;10
95;35;9
95;36;9
95;37;10
95;38;1
95;39;1
95;40;1
95;41;2
95;42;6
95;43;10
95;44;5
95;45;5
95;46;9
95;47;2
95;48;5
95;49;5
95;50;4
95;51;2
95;52;4
95;53;10
95;54;3
95;55;4
95;56;2
95;57;1
95;58;9
95;59;10
95;60;3
95;61;4
95;62;5
95;63;5
95;64;5
95;65;5
95;66;6
95;67;6
95;68;1
95;69;3
95;70;7
95;71;8
95;72;3
95;73;6
95;74;8
95;75;7
95;76;1
95;77;5
95;78;9
95;79;6
95;80;3
95;81;5
95;82;9
95;83;9
95;84;5
95;85;6
95;86;10
95;87;10
95;88;2
95;89;8
95;90;3
95;91;3
95;92;5
95;93;10
95;94;10
95;96;8
95;97;10
95;98;4
95;99;4
96;0;3
96;1;4
96;2;2
96;3;2
96;4;9
96;5;9
96;6;6
96;7;1
96;8;6
96;9;8
96;10;1
96;11;5
96;12;1
96;13;6
96;14;5
96;15;5
96;16;10
96;17;4
96;18;5
96;19;5
96;20;4
96;21;5
96;22;5
96;23;10
96;24;2
96;25;8
96;26;6
96;27;6
96;28;7
96;29;10
96;30;1
96;31;10
96;32;8
96;33;4
96;34;2
96;35;1
96;36;2
96;37;7
96;38;9
96;39;8
96;40;5
96;41;6
96;42;9
96;43;6
96;44;3
96;45;10
96;46;6
96;47;4
96;48;7
96;49;9
96;50;6
96;51;7
96;52;3
96;53;5
96;54;1
96;55;5
96;56;10
96;57;6
96;58;5
96;59;7
96;60;3
96;61;2
96;62;9
96;63;2
96;64;6
96;65;5
96;66;10
96;67;2
96;68;7
96;69;5
96;70;9
96;71;3
96;72;3
96;73;8
96;74;2
96;75;9
96;76;6
96;77;3
96;78;9
96;79;1
96;80;6
96;81;2
96;82;9
96;83;9
96;84;1
96;85;4
96;86;5
96;87;1
96;88;4
96;89;1
96;90;8
96;91;10
96;92;10
96;93;9
96;94;8
96;95;7
96;97;7
96;98;1
96;99;2
97;0;3
97;1;3
97;2;7
97;3;4
97;4;1
97;5;9
97;6;6
97;7;9
97;8;3
97;9;1
97;10;8
97;11;1
97;12;4
97;13;5
97;14;5
97;15;5
97;16;2
97;17;7
97;18;8
97;19;7
97;20;1
97;21;10
97;22;5
97;23;6
97;24;8
97;25;10
97;26;7
97;27;3
97;28;1
97;29;8
97;30;5
97;31;9
97;32;10
97;33;6
97;34;7
97;35;9
97;36;3
97;37;6
97;38;8
97;39;8
97;40;1
97;41;4
97;42;2
97;43;1
97;44;4
97;45;1
97;46;1
97;47;7
97;48;6
97;49;3
97;50;8
97;51;2
97;52;2
97;53;8
97;54;1
97;55;8
97;56;5
97;57;10
97;58;8
97;59;7
97;60;1
97;61;1
97;62;8
97;63;6
97;64;3
97;65;6
97;66;10
97;67;9
97;68;5
97;69;3
97;70;3
97;71;8
97;72;2
97;73;2
97;74;10
97;75;4
97;76;10
97;77;6
97;78;5
97;79;4
97;80;10
97;81;8
97;82;10
97;83;3
97;84;5
97;85;1
97;86;7
97;87;6
97;88;9
97;89;3
97;90;10
97;91;4
97;92;3
97;93;1
97;94;1
97;95;7
97;96;9
97;98;2
97;99;3
98;0;3
98;1;10
98;2;7
98;3;6
98;4;10
98;5;3
98;6;6
98;7;9
98;8;6
98;9;9
98;10;2
98;11;4
98;12;2
98;13;4
98;14;1
98;15;8
98;16;5
98;17;9
98;18;7
98;19;9
98;20;1
98;21;9
98;22;7
98;23;8
98;24;9
98;25;10
98;26;6
98;27;10
98;28;7
98;29;1
98;30;2
98;31;3
98;32;6
98;33;1
98;34;8
98;35;9
98;36;2
98;37;8
98;38;5
98;39;3
98;40;2
98;41;7
98;42;10
98;43;5
98;44;2
98;45;7
98;46;2
98;47;2
98;48;3
98;49;1
98;50;3
98;51;4
98;52;8
98;53;5
98;54;6
98;55;8
98;56;3
98;57;6
98;58;10
98;59;2
98;60;7
98;61;6
98;62;9
98;63;9
98;64;1
98;65;7
98;66;1
98;67;10
98;68;10
98;69;10
98;70;4
98;71;4
98;72;1
98;73;10
98;74;2
98;75;4
98;76;1
98;77;10
98;78;8
98;79;3
98;80;9
98;81;2
98;82;10
98;83;9
98;84;6
98;85;6
98;86;7
98;87;8
98;88;3
98;89;2
98;90;8
98;91;4
98;92;8
98;93;10
98;94;3
98;95;5
98;96;3
98;97;4
98;99;1
99;0;3
99;1;1
99;2;10
99;3;3
99;4;9
99;5;5
99;6;10
99;7;9
99;8;3
99;9;8
99;10;5
99;11;4
99;12;4
99;13;10
99;14;9
99;15;8
99;16;8
99;17;4
99;18;9
99;19;5
99;20;1
99;21;9
99;22;3
99;23;7
99;24;7
99;25;9
99;26;5
99;27;2
99;28;1
99;29;7
99;30;3
99;31;5
99;32;6
99;33;1
99;34;5
99;35;6
99;36;8
99;37;9
99;38;5
99;39;8
99;40;8
99;41;3
99;42;2
99;43;4
99;44;7
99;45;5
99;46;7
99;47;3
99;48;10
99;49;1
99;50;1
99;51;4
99;52;1
99;53;1
99;54;9
99;55;7
99;56;7
99;57;2
99;58;6
99;59;2
99;60;8
99;61;5
99;62;9
99;63;8
99;64;3
99;65;6
99;66;5
99;67;5
99;68;5
99;69;2
99;70;6
99;71;10
99;72;10
99;73;2
99;74;1
99;75;10
99;76;5
99;77;4
99;78;4
99;79;4
99;80;1
99;81;5
99;82;10
99;83;2
99;84;6
99;85;8
99;86;4
99;87;5
99;88;2
99;89;3
99;90;3
99;91;2
99;92;10
99;93;1
99;94;10
99;95;3
99;96;6
99;97;8
99;98;7
